0 0.047500 0.847500 0.010000 0.030000
0 0.096250 0.884375 0.010833 0.033750
0 0.145000 0.879375 0.010000 0.031250
0 0.046667 0.934375 0.013333 0.036250
0 0.032083 0.931250 0.007500 0.040000
0 0.033750 0.926875 0.009167 0.038750
0 0.027917 0.928125 0.009167 0.033750
0 0.005833 0.930625 0.011667 0.036250
0 0.017917 0.961250 0.012500 0.045000
0 0.026250 0.963750 0.009167 0.037500
0 0.038333 0.963750 0.011667 0.042500
0 0.382500 0.959375 0.011667 0.046250
0 0.399583 0.953750 0.014167 0.047500
0 0.413333 0.950000 0.015000 0.040000
0 0.422500 0.980625 0.018333 0.038750
0 0.425417 0.944375 0.010833 0.036250
0 0.438333 0.946875 0.011667 0.041250
0 0.470000 0.897500 0.013333 0.030000
0 0.876250 0.940000 0.009167 0.027500