0 0.942969 0.800861 0.049479 0.202660
0 0.901563 0.766823 0.061458 0.261346
0 0.857812 0.768779 0.046875 0.221440
0 0.810156 0.726917 0.046354 0.195618
0 0.747917 0.711659 0.036458 0.161972
0 0.776563 0.708138 0.034375 0.136150
0 0.719010 0.721831 0.051562 0.190141
0 0.697917 0.757042 0.048958 0.208920
0 0.984375 0.718701 0.031250 0.180751
0 0.687240 0.728091 0.039062 0.174491
0 0.655990 0.714789 0.043229 0.174491
0 0.629427 0.719484 0.035937 0.166667
0 0.604948 0.716354 0.045312 0.177621
0 0.568490 0.720266 0.043229 0.168232
0 0.554688 0.724570 0.030208 0.220657
0 0.532813 0.714397 0.044792 0.186228
0 0.491146 0.715571 0.041667 0.182316
0 0.516406 0.781299 0.050521 0.140063
0 0.442448 0.744523 0.074479 0.219875
0 0.409896 0.718310 0.047917 0.189358
0 0.422135 0.848983 0.069271 0.302034
0 0.460938 0.830986 0.059375 0.338028
0 0.382292 0.722222 0.036458 0.150235
0 0.346094 0.707746 0.034896 0.180751
0 0.359635 0.705399 0.027604 0.158842
0 0.322656 0.732786 0.044271 0.172926
0 0.307552 0.722222 0.031771 0.150235
0 0.270573 0.758216 0.064062 0.214397
0 0.269010 0.714397 0.040104 0.158059
0 0.231250 0.714789 0.040625 0.155712
0 0.206771 0.742567 0.053125 0.128326
0 0.200781 0.748044 0.060937 0.209703
0 0.178385 0.715180 0.034896 0.150235
0 0.145313 0.721440 0.037500 0.156495
0 0.104427 0.764085 0.068229 0.235524
0 0.081250 0.721831 0.034375 0.163537
0 0.051042 0.674491 0.023958 0.103286
0 0.037240 0.655712 0.018229 0.070423
0 0.073177 0.665102 0.020313 0.081377
0 0.063281 0.650235 0.010937 0.062598
0 0.026302 0.730047 0.052604 0.208138
0 0.847656 0.693271 0.024479 0.126761
0 0.167448 0.701095 0.026562 0.126761
0 0.130208 0.674100 0.016667 0.099374
0 0.099219 0.714789 0.046354 0.160407
0 0.303125 0.704225 0.029167 0.143975
0 0.474740 0.672926 0.017188 0.078247
0 0.595833 0.717136 0.028125 0.154147
0 0.864844 0.709311 0.043229 0.163537
0 0.831771 0.701878 0.027083 0.129890
0 0.892188 0.764476 0.052083 0.251956
0 0.951823 0.705399 0.029687 0.105634