0 0.933594 0.752796 0.132812 0.494407
0 0.937500 0.725951 0.125000 0.355705
0 0.864062 0.615213 0.115625 0.272931
0 0.739844 0.685682 0.089063 0.395973
0 0.720313 0.740492 0.081250 0.317673
0 0.645312 0.755034 0.156250 0.489933
0 0.621094 0.640940 0.070312 0.284116
0 0.679688 0.609620 0.078125 0.315436
0 0.743750 0.621924 0.090625 0.331096
0 0.764062 0.617450 0.100000 0.331096
0 0.553125 0.582774 0.090625 0.252796
0 0.489063 0.599553 0.059375 0.259508
0 0.460938 0.624161 0.100000 0.326622
0 0.434375 0.634228 0.078125 0.328859
0 0.380469 0.702461 0.095312 0.514541
0 0.325000 0.539150 0.037500 0.187919
0 0.283594 0.630872 0.120313 0.425056
0 0.369531 0.643177 0.110937 0.387025
0 0.340625 0.577181 0.062500 0.263982
0 0.225000 0.538031 0.043750 0.172260
0 0.199219 0.565996 0.048438 0.210291
0 0.167969 0.570470 0.082812 0.272931
0 0.159375 0.591723 0.078125 0.261745
0 0.121094 0.585011 0.054688 0.217002
0 0.080469 0.587248 0.073438 0.284116
0 0.060156 0.552573 0.060937 0.232662
0 0.046094 0.560403 0.045312 0.185682
0 0.018750 0.541387 0.037500 0.152125
0 0.277344 0.722595 0.170313 0.554810