0 0.124375 0.668856 0.043750 0.144465
0 0.203750 0.671670 0.030000 0.131332
0 0.238125 0.681051 0.043750 0.206379
0 0.257500 0.690432 0.035000 0.202627
0 0.277500 0.684803 0.052500 0.251407
0 0.312500 0.671670 0.077500 0.303940
0 0.368125 0.684803 0.041250 0.198874
0 0.401875 0.670732 0.053750 0.215760
0 0.413125 0.675422 0.066250 0.288931
0 0.530000 0.679174 0.075000 0.228893
0 0.592500 0.661351 0.067500 0.347092
0 0.681250 0.672608 0.170000 0.654784
0 0.825625 0.670732 0.118750 0.425891
0 0.895625 0.663227 0.133750 0.410882