0 0.509277 0.803279 0.096680 0.274218
0 0.836914 0.702683 0.111328 0.561848
0 0.707031 0.654993 0.132812 0.609538
0 0.620605 0.716841 0.086914 0.470939
0 0.953613 0.508942 0.092773 0.344262
0 0.896484 0.544709 0.128906 0.329359
0 0.805664 0.577496 0.103516 0.478390
0 0.754883 0.506706 0.054688 0.298063
0 0.628906 0.468703 0.070312 0.245902
0 0.596191 0.567809 0.112305 0.503726
0 0.538574 0.463487 0.071289 0.327869
0 0.512695 0.647541 0.130859 0.639344
0 0.416016 0.583458 0.095703 0.493294
0 0.439453 0.538748 0.091797 0.502235
0 0.383301 0.403875 0.034180 0.128167
0 0.327148 0.584948 0.117188 0.582712
0 0.335938 0.549925 0.140625 0.503726
0 0.220215 0.609538 0.116211 0.530551
0 0.250977 0.570045 0.097656 0.445604
0 0.268555 0.481371 0.068359 0.357675
0 0.152832 0.541729 0.090820 0.406855
0 0.170898 0.481371 0.056641 0.283159
0 0.119629 0.501490 0.077148 0.311475
0 0.049316 0.586438 0.096680 0.418778
0 0.057617 0.537258 0.083984 0.409836
0 0.032715 0.506706 0.051758 0.321908