0 0.144318 0.705862 0.174091 0.554192
0 0.449091 0.688821 0.274545 0.378323
0 0.506591 0.571575 0.106818 0.376960
0 0.792500 0.578732 0.096818 0.359918
0 0.960000 0.621336 0.080000 0.499659
0 0.040682 0.517723 0.081364 0.341513
0 0.255227 0.538514 0.053182 0.197682
0 0.316136 0.549761 0.077727 0.180641
0 0.380909 0.555556 0.056364 0.169052
0 0.416364 0.546694 0.061818 0.201772
0 0.519318 0.557601 0.056818 0.188139
0 0.566136 0.554874 0.065909 0.200409
0 0.616136 0.567485 0.057727 0.180641
0 0.662955 0.552488 0.081364 0.222904
0 0.734773 0.553170 0.077727 0.232447
0 0.837500 0.565440 0.088636 0.225631
0 0.846591 0.431834 0.064091 0.183367
0 0.890455 0.432515 0.068182 0.182004
0 0.914091 0.394001 0.050909 0.193592
0 0.968409 0.401500 0.054091 0.178596
0 0.959318 0.254942 0.050455 0.159509
0 0.990909 0.176892 0.018182 0.152011
0 0.856364 0.175869 0.051818 0.141786
0 0.813864 0.185753 0.030455 0.097478
0 0.778182 0.183027 0.040000 0.137014