0 0.210667 0.852319 0.245333 0.295363
0 0.081333 0.849294 0.162667 0.301411
0 0.330667 0.795363 0.085333 0.177419
0 0.384000 0.787802 0.040000 0.097782
0 0.430000 0.770665 0.030667 0.069556
0 0.437333 0.771673 0.024000 0.063508
0 0.489333 0.774194 0.034667 0.062500
0 0.581333 0.759073 0.032000 0.046371
0 0.554000 0.755544 0.022667 0.041331
0 0.530000 0.754032 0.017333 0.034274
0 0.516000 0.756048 0.018667 0.042339
0 0.474667 0.756552 0.024000 0.039315
0 0.196667 0.826109 0.169333 0.323589
0 0.108667 0.758569 0.025333 0.049395