0 0.067488 0.673958 0.083333 0.322917
0 0.032864 0.631250 0.042254 0.187500
0 0.111502 0.606250 0.039906 0.175000
0 0.187793 0.708333 0.110329 0.495833
0 0.159038 0.610417 0.036385 0.150000
0 0.254108 0.602083 0.024648 0.133333
0 0.274061 0.638542 0.038732 0.202083
0 0.302230 0.656250 0.057512 0.258333
0 0.318662 0.601042 0.024648 0.106250
0 0.337441 0.594792 0.017606 0.081250
0 0.348005 0.594792 0.015258 0.077083
0 0.369131 0.601042 0.026995 0.127083
0 0.387324 0.635417 0.044601 0.175000
0 0.413146 0.609375 0.025822 0.139583
0 0.437793 0.593750 0.016432 0.087500
0 0.457746 0.648958 0.068075 0.277083
0 0.487089 0.596875 0.021127 0.093750
0 0.495892 0.602083 0.012911 0.083333
0 0.506455 0.595833 0.017606 0.100000
0 0.521714 0.625000 0.034038 0.141667
0 0.538146 0.614583 0.031690 0.162500
0 0.558685 0.608333 0.035211 0.120833
0 0.609155 0.601042 0.023474 0.097917
0 0.641432 0.642708 0.043427 0.214583
0 0.660211 0.618750 0.019953 0.116667
0 0.700704 0.621875 0.039906 0.127083
0 0.763498 0.693750 0.076291 0.300000
0 0.825117 0.621875 0.032864 0.114583
0 0.797535 0.593750 0.012911 0.037500
0 0.950117 0.659375 0.050469 0.206250