0 0.790755 0.684031 0.142448 0.631938
0 0.886458 0.675755 0.159896 0.648491
0 0.959766 0.788218 0.074740 0.423564
0 0.966536 0.839825 0.066927 0.320351
0 0.904036 0.446933 0.110677 0.893866
0 0.969401 0.299903 0.061198 0.599805
0 0.749219 0.615871 0.048958 0.437196
0 0.755859 0.450341 0.088281 0.548199
0 0.745703 0.265823 0.087760 0.531646
0 0.692448 0.434275 0.118750 0.695229
0 0.663802 0.601753 0.125000 0.732230
0 0.672917 0.838364 0.078646 0.323272
0 0.650391 0.878286 0.047135 0.243427
0 0.619010 0.727848 0.058333 0.544304
0 0.553516 0.902629 0.079427 0.194742
0 0.557292 0.829601 0.081250 0.340798
0 0.531641 0.711782 0.037240 0.527751
0 0.560417 0.681597 0.089063 0.623174
0 0.586719 0.315969 0.057813 0.631938
0 0.548568 0.373418 0.118490 0.746835
0 0.516536 0.605648 0.130990 0.675755
0 0.463281 0.296008 0.075521 0.592016
0 0.465755 0.438169 0.090365 0.689387
0 0.430990 0.826193 0.097396 0.347614
0 0.442969 0.934761 0.067708 0.130477
0 0.383594 0.633398 0.089063 0.717624
0 0.343490 0.386563 0.096354 0.632911
0 0.383464 0.284810 0.067969 0.569620
0 0.295052 0.286271 0.063021 0.572541
0 0.319531 0.620740 0.095312 0.725414
0 0.250391 0.785784 0.100260 0.428432
0 0.288281 0.894839 0.131250 0.210321
0 0.259766 0.413340 0.069010 0.826680
0 0.219010 0.353944 0.080729 0.707887
0 0.140495 0.895813 0.097656 0.208374
0 0.100000 0.780428 0.081250 0.439143
0 0.050000 0.688413 0.100000 0.623174
0 0.141276 0.621714 0.162240 0.756573
0 0.153906 0.450828 0.179167 0.790652
0 0.122396 0.332035 0.072396 0.664070
0 0.047266 0.360759 0.091406 0.721519
0 0.048828 0.292600 0.086198 0.585200