0 0.182167 0.671556 0.272333 0.656889
0 0.154167 0.652667 0.123000 0.493778
0 0.273833 0.625333 0.088333 0.446222
0 0.304000 0.489778 0.027333 0.074667
0 0.402500 0.555556 0.035000 0.082667
0 0.451000 0.555333 0.051333 0.093778
0 0.461167 0.547333 0.051000 0.096444
0 0.408833 0.461333 0.011000 0.022222
0 0.434833 0.459778 0.007667 0.020889
0 0.499833 0.472000 0.010333 0.031111
0 0.668333 0.479556 0.009333 0.022222
0 0.655667 0.733556 0.172667 0.532889
0 0.734667 0.722222 0.123333 0.555556
0 0.888333 0.684000 0.223333 0.632000