0 0.612353 0.796296 0.114118 0.407407
0 0.539412 0.807407 0.083529 0.385185
0 0.291765 0.714815 0.028235 0.133333
0 0.261765 0.719444 0.029412 0.131481
0 0.256471 0.702778 0.021176 0.116667
0 0.242941 0.707407 0.024706 0.111111
0 0.227647 0.714815 0.020000 0.100000
0 0.211765 0.729630 0.025882 0.100000
0 0.217059 0.714815 0.022353 0.103704
0 0.166471 0.740741 0.015294 0.074074
0 0.128235 0.726852 0.025882 0.105556
0 0.130000 0.703704 0.029412 0.111111
0 0.144118 0.706481 0.024706 0.101852
0 0.106471 0.719444 0.024706 0.116667
0 0.057059 0.728704 0.031765 0.116667
0 0.021765 0.718519 0.036471 0.144444
0 0.194118 0.692593 0.018824 0.088889
0 0.718235 0.733333 0.074118 0.359259