0 0.924375 0.701095 0.116250 0.444444
0 0.946250 0.650235 0.100000 0.424100
0 0.972500 0.627543 0.055000 0.378717
0 0.926875 0.499218 0.041250 0.175274
0 0.828125 0.632238 0.088750 0.328638
0 0.769375 0.668232 0.133750 0.478873
0 0.738750 0.654147 0.110000 0.431925
0 0.650000 0.669797 0.112500 0.406886
0 0.658125 0.610329 0.083750 0.372457
0 0.551875 0.654930 0.111250 0.402191
0 0.520000 0.639280 0.080000 0.399061
0 0.463750 0.651017 0.087500 0.406886
0 0.416875 0.626761 0.076250 0.374022
0 0.394375 0.694053 0.141250 0.449139
0 0.296875 0.578247 0.071250 0.267606
0 0.307500 0.523474 0.055000 0.158059
0 0.334375 0.516432 0.036250 0.134585
0 0.242500 0.711268 0.135000 0.442879
0 0.159375 0.698748 0.111250 0.433490
0 0.075000 0.712050 0.117500 0.403756
0 0.037500 0.728482 0.075000 0.327074
0 0.029375 0.550078 0.058750 0.226917
0 0.098750 0.567293 0.077500 0.276995
0 0.066875 0.561815 0.056250 0.153365
0 0.151875 0.570423 0.066250 0.248826
0 0.250000 0.579812 0.065000 0.267606
0 0.218750 0.568858 0.070000 0.236307
0 0.205000 0.519562 0.037500 0.128326
0 0.378125 0.465571 0.023750 0.076682
0 0.515625 0.602504 0.078750 0.359937
0 0.603750 0.535994 0.060000 0.205008
0 0.590625 0.513302 0.036250 0.147105
0 0.806875 0.489045 0.041250 0.136150
0 0.746875 0.492958 0.038750 0.147105
0 0.768750 0.487480 0.030000 0.142410
0 0.788125 0.478873 0.031250 0.137715
0 0.031250 0.528951 0.045000 0.181534
0 0.038125 0.493740 0.026250 0.114241
0 0.054375 0.495305 0.026250 0.117371
0 0.667500 0.488263 0.042500 0.147105