0 0.120385 0.823745 0.234615 0.352510
0 0.813846 0.486402 0.207692 0.658996
0 0.951538 0.313285 0.073846 0.241632
0 0.732308 0.314331 0.044615 0.197699
0 0.678077 0.306485 0.063846 0.238494
0 0.655000 0.308577 0.034615 0.140167
0 0.621923 0.320084 0.053077 0.194561
0 0.692692 0.482218 0.088462 0.384937
0 0.622692 0.496862 0.083846 0.338912
0 0.532308 0.490063 0.116923 0.367155
0 0.335385 0.665272 0.136923 0.456067
0 0.419231 0.598326 0.115385 0.407950
0 0.422308 0.481172 0.143077 0.370293
0 0.452308 0.460774 0.078462 0.302301
0 0.520769 0.471234 0.070769 0.291841
0 0.509231 0.398013 0.064615 0.258368
0 0.589231 0.413703 0.072308 0.291841
0 0.564615 0.332113 0.063077 0.226987
0 0.314231 0.363494 0.117692 0.346234
0 0.310000 0.330544 0.053846 0.230126
0 0.292692 0.276674 0.033077 0.128661
0 0.191923 0.339435 0.036154 0.166318
0 0.420385 0.335251 0.057692 0.220711
0 0.484615 0.325837 0.050769 0.210251
0 0.472308 0.324268 0.044615 0.205021
0 0.451923 0.324268 0.042308 0.194561
0 0.525000 0.327929 0.048462 0.185146
0 0.890769 0.304916 0.043077 0.157950
0 0.763846 0.334205 0.040000 0.193515