0 0.128000 0.632679 0.193000 0.570819
0 0.257250 0.627560 0.116500 0.371160
0 0.357250 0.646331 0.138500 0.422355
0 0.464000 0.664676 0.169000 0.436860
0 0.113750 0.568686 0.171500 0.524744
0 0.244500 0.500427 0.104000 0.418942
0 0.313750 0.523038 0.105500 0.450512
0 0.372500 0.487201 0.100000 0.472696
0 0.440750 0.459898 0.117500 0.634812
0 0.507750 0.474829 0.079500 0.492321
0 0.566250 0.515785 0.078500 0.478669
0 0.633000 0.516638 0.143000 0.463311
0 0.750000 0.520478 0.165000 0.542662
0 0.842000 0.569966 0.099000 0.433447
0 0.933750 0.565700 0.132500 0.472696
0 0.086750 0.438567 0.129500 0.583618
0 0.192250 0.384812 0.122500 0.494881
0 0.264250 0.372014 0.104500 0.426621
0 0.364000 0.340444 0.089000 0.375427
0 0.415250 0.341724 0.089500 0.386519
0 0.486000 0.348123 0.097000 0.448805
0 0.560750 0.322526 0.087500 0.383959
0 0.627000 0.418942 0.105000 0.505119
0 0.714750 0.447099 0.103500 0.494881
0 0.775750 0.392065 0.103500 0.596416
0 0.854250 0.456058 0.124500 0.507679
0 0.938500 0.490188 0.113000 0.563993
0 0.030750 0.324659 0.030500 0.147611
0 0.037250 0.186433 0.023500 0.096416
0 0.647750 0.143771 0.018500 0.058874
0 0.832500 0.148038 0.023000 0.094710
0 0.857000 0.183020 0.023000 0.086177
0 0.868000 0.200939 0.024000 0.072526
0 0.813000 0.178328 0.024000 0.081911
0 0.789750 0.180034 0.019500 0.076792
0 0.888750 0.197952 0.031500 0.092150
0 0.943750 0.210324 0.033500 0.084471
0 0.929250 0.208191 0.022500 0.088737
0 0.917750 0.176195 0.024500 0.101536
0 0.016750 0.311433 0.033500 0.119454
0 0.034000 0.289676 0.030000 0.108362
0 0.233500 0.162116 0.025000 0.068259
0 0.412250 0.176621 0.020500 0.078498
0 0.428750 0.167662 0.021500 0.082765
0 0.891750 0.170648 0.021500 0.068259
0 0.913250 0.194113 0.027500 0.072526
0 0.910500 0.179608 0.020000 0.070819
0 0.797250 0.190273 0.020500 0.081911
0 0.299250 0.354096 0.076500 0.389078
0 0.654500 0.303328 0.081000 0.465017
0 0.732250 0.310580 0.094500 0.430034
0 0.799000 0.145051 0.027000 0.092150
0 0.985000 0.355802 0.030000 0.138225