0 0.276855 0.753906 0.209961 0.421875
0 0.414551 0.756510 0.196289 0.403646
0 0.519043 0.742188 0.176758 0.348958
0 0.595215 0.714844 0.276367 0.361979
0 0.696777 0.735677 0.147461 0.369792
0 0.828125 0.763021 0.279297 0.432292
0 0.113281 0.583984 0.130859 0.582031
0 0.216309 0.589193 0.122070 0.569010
0 0.328613 0.550130 0.141602 0.600260
0 0.447266 0.548828 0.146484 0.600260
0 0.547363 0.568359 0.120117 0.558594
0 0.642578 0.581380 0.121094 0.535156
0 0.735840 0.576172 0.108398 0.548177
0 0.802246 0.556641 0.231445 0.589844
0 0.018555 0.444010 0.037109 0.062500