0 0.125000 0.664474 0.068462 0.221053
0 0.106538 0.530263 0.031538 0.139474
0 0.154615 0.577632 0.047692 0.244737
0 0.203846 0.710526 0.103077 0.468421
0 0.226538 0.669079 0.050000 0.325000
0 0.250385 0.634868 0.066923 0.319737
0 0.208846 0.555263 0.022308 0.181579
0 0.289615 0.589474 0.034615 0.231579
0 0.298077 0.694737 0.085385 0.355263
0 0.351923 0.669737 0.082308 0.310526
0 0.406154 0.714474 0.132308 0.547368
0 0.533077 0.735526 0.123077 0.528947
0 0.466154 0.585526 0.036923 0.202632
0 0.315385 0.548026 0.038462 0.161842
0 0.340385 0.582895 0.051538 0.197368
0 0.434231 0.564474 0.031538 0.165789
0 0.498462 0.585526 0.036923 0.205263
0 0.456154 0.510526 0.024615 0.121053
0 0.541923 0.546711 0.020769 0.153947
0 0.555385 0.578289 0.032308 0.180263
0 0.566923 0.586842 0.041538 0.197368
0 0.581538 0.646053 0.069231 0.347368
0 0.621154 0.588816 0.039231 0.217105
0 0.638846 0.615789 0.070000 0.284211
0 0.698462 0.569079 0.036923 0.219737
0 0.671538 0.543421 0.035385 0.189474
0 0.710385 0.555263 0.025385 0.168421
0 0.721154 0.540789 0.019231 0.150000
0 0.724615 0.576316 0.027692 0.168421
0 0.739615 0.578947 0.031538 0.165789
0 0.746154 0.547368 0.033846 0.184211
0 0.765385 0.575000 0.030769 0.171053
0 0.740769 0.536184 0.024615 0.156579
0 0.776538 0.547368 0.026923 0.152632
0 0.800000 0.576316 0.046154 0.215789
0 0.815769 0.607895 0.054615 0.231579
0 0.825000 0.528947 0.020769 0.134211
0 0.856923 0.622368 0.089231 0.331579
0 0.864615 0.571711 0.032308 0.206579
0 0.930000 0.600000 0.058462 0.239474
0 0.959231 0.591447 0.044615 0.240789
0 0.755385 0.529605 0.021538 0.135526
0 0.353077 0.497368 0.023077 0.102632