0 0.953175 0.955789 0.061905 0.088421
0 0.670635 0.909474 0.103175 0.181053
0 0.558730 0.853684 0.050794 0.183158
0 0.490476 0.823158 0.047619 0.160000
0 0.446825 0.886316 0.061905 0.227368
0 0.388889 0.878947 0.063492 0.242105
0 0.367460 0.805263 0.039683 0.153684
0 0.326190 0.826316 0.046032 0.153684
0 0.198413 0.863158 0.190476 0.273684
0 0.087302 0.815789 0.130159 0.368421
0 0.304762 0.871579 0.063492 0.214737
0 0.272222 0.838947 0.046032 0.174737
0 0.229365 0.798947 0.036508 0.149474
0 0.165873 0.850526 0.065079 0.252632
0 0.131746 0.851579 0.063492 0.292632
0 0.042063 0.816842 0.084127 0.366316
0 0.276984 0.884211 0.068254 0.231579