0 0.034722 0.551164 0.033497 0.069853
0 0.015727 0.549479 0.020833 0.070772
0 0.011234 0.529412 0.014297 0.045956
0 0.019608 0.530484 0.013889 0.045650
0 0.070670 0.537990 0.028595 0.056373
0 0.056577 0.533701 0.020833 0.053922
0 0.034722 0.537071 0.025327 0.063113
0 0.091912 0.536918 0.027778 0.055453
0 0.100286 0.527574 0.015931 0.045956
0 0.133170 0.528799 0.025327 0.054534
0 0.128268 0.564032 0.044935 0.105392
0 0.215686 0.536612 0.023693 0.054841
0 0.188930 0.533395 0.019199 0.058824
0 0.200572 0.533854 0.018791 0.060968
0 0.251430 0.537990 0.029003 0.058824
0 0.251430 0.527880 0.024918 0.053309
0 0.240400 0.521752 0.021650 0.047181
0 0.259191 0.522978 0.015931 0.041667
0 0.302696 0.525276 0.013889 0.040748
0 0.309232 0.526501 0.014706 0.041973
0 0.319853 0.525582 0.011438 0.037684
0 0.395221 0.517463 0.019199 0.039828
0 0.423611 0.558824 0.066993 0.142770
0 0.477737 0.525276 0.032271 0.064645
0 0.462623 0.520527 0.026552 0.057598
0 0.548203 0.668352 0.200163 0.402267
0 0.587827 0.584712 0.100490 0.211091
0 0.667075 0.578431 0.116013 0.234681
0 0.720588 0.574908 0.067810 0.169424
0 0.803513 0.619179 0.174020 0.339461
0 0.870915 0.573989 0.075163 0.225797
0 0.911356 0.621936 0.145425 0.316789
0 0.972631 0.563266 0.054739 0.171262
0 0.993056 0.513327 0.013889 0.071385
0 0.503268 0.557751 0.057190 0.127145
0 0.485294 0.520680 0.026961 0.056066