0 0.060222 0.836333 0.120444 0.327333
0 0.087778 0.825333 0.171111 0.349333
0 0.214000 0.723833 0.065333 0.137667
0 0.223333 0.721000 0.092889 0.129333
0 0.228667 0.672500 0.022667 0.042333
0 0.279111 0.714000 0.048000 0.141333
0 0.346000 0.738167 0.118667 0.123000
0 0.428222 0.672500 0.021778 0.048333
0 0.878000 0.784500 0.145333 0.209667
0 0.870667 0.793667 0.094222 0.222000
0 0.579333 0.678500 0.027111 0.055667
0 0.618667 0.677667 0.028444 0.057333
0 0.644222 0.680167 0.029778 0.055667
0 0.651778 0.668333 0.019111 0.049333
0 0.669778 0.671667 0.021333 0.044000
0 0.735333 0.679333 0.028000 0.054000
0 0.775111 0.682833 0.030222 0.057667
0 0.792000 0.679167 0.024000 0.055000
0 0.826889 0.680500 0.031556 0.063667
0 0.198444 0.676000 0.026222 0.041333