0 0.093323 0.489813 0.186645 0.287996
0 0.125101 0.432544 0.152051 0.242841
0 0.202333 0.558370 0.214803 0.284141
0 0.246581 0.473018 0.161706 0.256608
0 0.386565 0.540749 0.192277 0.266520
0 0.266291 0.350771 0.133548 0.201542
0 0.407482 0.370044 0.164924 0.218062
0 0.273934 0.425385 0.150442 0.218612
0 0.372888 0.676211 0.520515 0.538546
0 0.357603 0.421256 0.108608 0.186123
0 0.403459 0.470540 0.129525 0.248348
0 0.541834 0.337555 0.144006 0.192731
0 0.587691 0.390969 0.226066 0.233480
0 0.549477 0.564978 0.228479 0.330396
0 0.594127 0.625000 0.312953 0.312775
0 0.677393 0.615363 0.165728 0.275881
0 0.837088 0.589482 0.295253 0.308921
0 0.696299 0.390419 0.168142 0.202643
0 0.669348 0.325991 0.197908 0.199339
0 0.857603 0.431167 0.279968 0.224670
0 0.845133 0.381608 0.205149 0.213656
0 0.888174 0.316079 0.223652 0.172907
0 0.940064 0.430617 0.119871 0.223568