0 0.035500 0.490923 0.019000 0.089259
0 0.044500 0.496974 0.055000 0.231467
0 0.105000 0.621785 0.154000 0.553707
0 0.167500 0.580938 0.131000 0.547655
0 0.267500 0.580938 0.101000 0.505295
0 0.331500 0.579425 0.085000 0.453858
0 0.401500 0.571104 0.089000 0.464448
0 0.447500 0.571861 0.119000 0.481089
0 0.479500 0.546142 0.085000 0.490166
0 0.513500 0.507564 0.271000 0.518911
0 0.548000 0.571861 0.110000 0.472012
0 0.633000 0.582451 0.102000 0.450832
0 0.599000 0.554463 0.094000 0.464448
0 0.676500 0.543116 0.091000 0.465961
0 0.696000 0.580938 0.210000 0.462935
0 0.761500 0.605144 0.131000 0.505295
0 0.841000 0.620272 0.092000 0.511346
0 0.754000 0.726172 0.120000 0.344932
0 0.686500 0.685325 0.103000 0.369138
0 0.595000 0.667171 0.104000 0.347958
0 0.500000 0.662632 0.118000 0.441755
0 0.401000 0.671710 0.128000 0.399395
0 0.307000 0.706505 0.108000 0.402421
0 0.242000 0.657337 0.206000 0.431165
0 0.218000 0.718608 0.128000 0.387292
0 0.936500 0.512103 0.041000 0.258699
0 0.894500 0.512859 0.053000 0.157337
0 0.959000 0.482602 0.028000 0.142209
0 0.973000 0.493192 0.038000 0.133132
0 0.882000 0.475038 0.020000 0.084720
0 0.882500 0.479576 0.017000 0.057489