0 0.020000 0.656667 0.040000 0.081333
0 0.062000 0.650000 0.028000 0.046667
0 0.087000 0.652000 0.030000 0.045333
0 0.111000 0.650667 0.026000 0.045333
0 0.151000 0.649333 0.022000 0.048000
0 0.223000 0.648000 0.022000 0.040000
0 0.241000 0.646667 0.030000 0.045333
0 0.278000 0.655333 0.036000 0.052000
0 0.459000 0.653333 0.026000 0.056000
0 0.640000 0.655333 0.040000 0.052000
0 0.632000 0.656667 0.040000 0.049333
0 0.859000 0.652000 0.022000 0.037333
0 0.932000 0.656000 0.024000 0.045333
0 0.967000 0.657333 0.030000 0.042667
0 0.698000 0.644667 0.028000 0.036000