0 0.069583 0.835830 0.097500 0.328340
0 0.052083 0.936330 0.104167 0.127341
0 0.097917 0.843945 0.124167 0.312110
0 0.196667 0.860799 0.118333 0.278402
0 0.271250 0.902622 0.135833 0.194757
0 0.312500 0.873283 0.105000 0.253433
0 0.271667 0.852684 0.060000 0.294632
0 0.302083 0.862047 0.084167 0.275905
0 0.398333 0.907615 0.111667 0.184769
0 0.424167 0.911361 0.103333 0.177278
0 0.458333 0.828964 0.136667 0.342072
0 0.585417 0.933208 0.115833 0.133583
0 0.742500 0.943820 0.128333 0.112360
0 0.895833 0.842697 0.105000 0.314607
0 0.778333 0.885768 0.123333 0.228464
0 0.685833 0.882022 0.100000 0.235955
0 0.580833 0.847066 0.136667 0.305868
0 0.515000 0.774657 0.061667 0.250936
0 0.489167 0.738452 0.053333 0.186017
0 0.569167 0.766542 0.038333 0.184769
0 0.796250 0.921348 0.105833 0.157303
0 0.371250 0.828964 0.069167 0.342072
0 0.645000 0.787765 0.058333 0.209738
0 0.730000 0.805868 0.066667 0.248439