0 0.176282 0.653365 0.303846 0.693269
0 0.856410 0.586058 0.287179 0.827885
0 0.392949 0.732692 0.157692 0.253846
0 0.354487 0.723558 0.121795 0.243269
0 0.553205 0.740385 0.098718 0.203846
0 0.660897 0.743750 0.103846 0.214423
0 0.773077 0.776442 0.130769 0.172115
0 0.728846 0.754327 0.098718 0.164423
0 0.805769 0.765385 0.098718 0.182692
0 0.900641 0.764423 0.124359 0.207692
0 0.627564 0.754327 0.057692 0.158654
0 0.521154 0.759135 0.083333 0.139423
0 0.456410 0.751442 0.076923 0.158654
0 0.327564 0.420673 0.037179 0.068269
0 0.360897 0.424038 0.032051 0.063462
0 0.307692 0.422115 0.030769 0.059615
0 0.506410 0.425962 0.038462 0.067308
0 0.541026 0.424038 0.035897 0.071154
0 0.564103 0.424038 0.030769 0.063462
0 0.609615 0.432692 0.037179 0.080769
0 0.647436 0.441346 0.071795 0.121154
0 0.696795 0.433654 0.052564 0.144231
0 0.708333 0.447115 0.073077 0.140385
0 0.810897 0.441827 0.067949 0.145192
0 0.757051 0.451442 0.052564 0.124038