0 0.009000 0.544000 0.018000 0.032000
0 0.009000 0.538000 0.018000 0.049333
0 0.168000 0.532667 0.012000 0.044000
0 0.189000 0.540667 0.014000 0.030667
0 0.200000 0.534000 0.014000 0.044000
0 0.227500 0.542667 0.015000 0.032000
0 0.238500 0.534000 0.011000 0.036000
0 0.272500 0.536000 0.013000 0.037333
0 0.281000 0.535333 0.014000 0.041333
0 0.292500 0.540667 0.013000 0.030667
0 0.308000 0.540667 0.016000 0.025333
0 0.361500 0.532667 0.011000 0.038667
0 0.377500 0.536667 0.011000 0.038667
0 0.385500 0.534000 0.011000 0.036000
0 0.394000 0.533333 0.012000 0.037333
0 0.420500 0.538000 0.011000 0.025333
0 0.463000 0.535333 0.012000 0.041333
0 0.545000 0.536000 0.012000 0.034667
0 0.560500 0.531333 0.009000 0.025333
0 0.553000 0.534667 0.010000 0.037333
0 0.604000 0.537333 0.012000 0.037333
0 0.692000 0.537333 0.014000 0.042667
0 0.703500 0.536000 0.015000 0.045333
0 0.748000 0.543333 0.014000 0.030667
0 0.782500 0.538667 0.015000 0.048000
0 0.827500 0.546000 0.017000 0.036000
0 0.854000 0.547333 0.020000 0.036000
0 0.909000 0.537333 0.016000 0.040000
0 0.934000 0.551333 0.020000 0.033333
0 0.960000 0.553333 0.018000 0.029333
0 0.987500 0.542667 0.019000 0.061333
0 0.052500 0.648667 0.105000 0.169333
0 0.088500 0.652667 0.101000 0.172000
0 0.175500 0.639333 0.097000 0.153333
0 0.344500 0.611333 0.073000 0.220000
0 0.439500 0.655333 0.071000 0.121333
0 0.557500 0.652667 0.079000 0.092000
0 0.650500 0.707333 0.099000 0.465333
0 0.676500 0.637333 0.093000 0.090667
0 0.818500 0.624667 0.063000 0.110667
0 0.843500 0.623333 0.041000 0.092000
0 0.880500 0.619333 0.055000 0.105333
0 0.882500 0.635333 0.057000 0.142667
0 0.932500 0.637333 0.069000 0.138667
0 0.970500 0.624000 0.059000 0.101333
0 0.972000 0.633333 0.056000 0.074667