0 0.110250 0.472889 0.151500 0.780444
0 0.202750 0.654667 0.195500 0.676444
0 0.183500 0.517333 0.153000 0.732444
0 0.246000 0.464000 0.094000 0.627556
0 0.322250 0.467111 0.085500 0.665778
0 0.401750 0.437333 0.134500 0.615111
0 0.466250 0.438667 0.102500 0.605333
0 0.533250 0.457333 0.108500 0.569778
0 0.602000 0.450222 0.117000 0.589333
0 0.656750 0.455556 0.098500 0.687111
0 0.741000 0.424889 0.112000 0.686222
0 0.843500 0.462222 0.148000 0.757333
0 0.283250 0.656889 0.097500 0.600889
0 0.364500 0.625778 0.115000 0.618667
0 0.439500 0.621333 0.151000 0.599111
0 0.548250 0.595556 0.113500 0.508444
0 0.651000 0.591111 0.105000 0.504889
0 0.726000 0.635111 0.119000 0.544889
0 0.855750 0.634222 0.184500 0.576889