0 0.352500 0.506918 0.090000 0.420126
0 0.412917 0.516981 0.095833 0.435220
0 0.088750 0.613836 0.049167 0.181132
0 0.175417 0.611950 0.050833 0.210063
0 0.205417 0.552830 0.035833 0.142138
0 0.234167 0.537107 0.050000 0.158491
0 0.277083 0.551572 0.040833 0.122013
0 0.281250 0.535220 0.040833 0.154717
0 0.273750 0.656604 0.070833 0.108176
0 0.304167 0.664780 0.070000 0.106918
0 0.540833 0.653459 0.098333 0.099371
0 0.535000 0.669182 0.100000 0.098113
0 0.626250 0.633962 0.065833 0.311950
0 0.726667 0.520126 0.041667 0.200000
0 0.763333 0.537736 0.031667 0.162264
0 0.794583 0.428931 0.060833 0.276730