0 0.190141 0.706250 0.058685 0.120833
0 0.349765 0.550000 0.039906 0.108333
0 0.461854 0.644792 0.041080 0.127083
0 0.427230 0.796875 0.065728 0.152083
0 0.413732 0.881250 0.076291 0.145833
0 0.273474 0.944792 0.075117 0.110417
0 0.331573 0.947917 0.059859 0.104167
0 0.381455 0.958333 0.070423 0.083333
0 0.450117 0.958333 0.052817 0.083333
0 0.475939 0.962500 0.064554 0.075000
0 0.510563 0.861458 0.053991 0.143750
0 0.610329 0.951042 0.049296 0.097917
0 0.694249 0.969792 0.069249 0.060417
0 0.652582 0.932292 0.051643 0.135417
0 0.695423 0.904167 0.057512 0.191667
0 0.647300 0.887500 0.050469 0.191667
0 0.675469 0.840625 0.043427 0.168750
0 0.745305 0.785417 0.053991 0.158333
0 0.799883 0.775000 0.045775 0.175000
0 0.844484 0.689583 0.057512 0.158333
0 0.907864 0.663542 0.076291 0.177083
0 0.818662 0.591667 0.055164 0.183333
0 0.849765 0.555208 0.056338 0.143750
0 0.794601 0.512500 0.044601 0.145833
0 0.760563 0.701042 0.056338 0.160417
0 0.715962 0.710417 0.056338 0.170833
0 0.666667 0.764583 0.051643 0.154167
0 0.661385 0.716667 0.050469 0.154167
0 0.694249 0.654167 0.038732 0.150000
0 0.610329 0.613542 0.039906 0.152083
0 0.659038 0.540625 0.034038 0.127083
0 0.690728 0.518750 0.034038 0.137500
0 0.295188 0.469792 0.048122 0.110417
0 0.210094 0.428125 0.035211 0.085417
0 0.226526 0.429167 0.035211 0.083333
0 0.242371 0.405208 0.029343 0.085417
0 0.255869 0.408333 0.032864 0.083333
0 0.268192 0.395833 0.031690 0.083333
0 0.281103 0.391667 0.031690 0.079167
0 0.177817 0.434375 0.022300 0.052083
0 0.174883 0.411458 0.032864 0.056250
0 0.178404 0.388542 0.023474 0.060417
0 0.180164 0.306250 0.019953 0.050000
0 0.164906 0.310417 0.017606 0.045833
0 0.153756 0.341667 0.025822 0.050000
0 0.144366 0.296875 0.018779 0.039583
0 0.168427 0.276042 0.017606 0.039583
0 0.181338 0.273958 0.015258 0.039583
0 0.199531 0.303125 0.021127 0.047917
0 0.203638 0.336458 0.019953 0.039583
0 0.743545 0.139583 0.019953 0.070833
0 0.772887 0.125000 0.012911 0.058333
0 0.804577 0.106250 0.015258 0.070833
0 0.855047 0.171875 0.017606 0.072917
0 0.184272 0.560417 0.051643 0.125000
0 0.164906 0.479167 0.048122 0.095833
0 0.889671 0.126042 0.037559 0.081250
0 0.909038 0.188542 0.024648 0.081250
0 0.941901 0.830208 0.071596 0.168750
0 0.228873 0.353125 0.028169 0.064583
0 0.136737 0.355208 0.029343 0.056250