0 0.898230 0.616438 0.019469 0.050228
0 0.763717 0.607306 0.015929 0.050228
0 0.529204 0.640411 0.024779 0.070776
0 0.424779 0.644977 0.028319 0.079909
0 0.389381 0.648402 0.024779 0.063927
0 0.379646 0.643836 0.023009 0.077626
0 0.344248 0.628995 0.023009 0.061644
0 0.304425 0.647260 0.028319 0.079909
0 0.283186 0.640411 0.028319 0.084475
0 0.285841 0.668950 0.030088 0.109589
0 0.259292 0.647260 0.030088 0.093607
0 0.243363 0.631279 0.023009 0.061644
0 0.227434 0.655251 0.023009 0.086758
0 0.208850 0.656393 0.024779 0.089041
0 0.200885 0.613014 0.023009 0.057078
0 0.175221 0.610731 0.017699 0.047945
0 0.157522 0.611872 0.017699 0.054795
0 0.115044 0.654110 0.046018 0.084475