0 0.953846 0.842956 0.092308 0.314088
0 0.911538 0.846420 0.081538 0.307159
0 0.887692 0.853349 0.073846 0.293303
0 0.801538 0.863741 0.104615 0.272517
0 0.709231 0.860277 0.076923 0.279446
0 0.769231 0.817552 0.064615 0.281755
0 0.822308 0.814088 0.066154 0.260970
0 0.984615 0.793303 0.030769 0.251732
0 0.926154 0.749423 0.036923 0.140878
0 0.883077 0.728637 0.030769 0.117783
0 0.620769 0.792148 0.053846 0.189376
0 0.643077 0.773672 0.046154 0.193995
0 0.680769 0.790993 0.044615 0.177829
0 0.598462 0.782910 0.061538 0.207852
0 0.564615 0.780600 0.046154 0.203233
0 0.513846 0.752887 0.033846 0.147806
0 0.487692 0.755196 0.036923 0.138568
0 0.450000 0.811778 0.041538 0.187067
0 0.423846 0.840647 0.044615 0.133949
0 0.391538 0.809469 0.050769 0.205543
0 0.330769 0.811778 0.052308 0.196305
0 0.296154 0.881062 0.069231 0.237875
0 0.201538 0.879908 0.104615 0.240185
0 0.090000 0.899538 0.112308 0.200924
0 0.043846 0.875289 0.087692 0.249423
0 0.144615 0.787529 0.040000 0.138568
0 0.115385 0.795612 0.033846 0.127021
0 0.229231 0.846420 0.055385 0.214781
0 0.258462 0.806005 0.036923 0.180139
0 0.213846 0.796767 0.040000 0.180139
0 0.546923 0.755196 0.023077 0.124711