0 0.093305 0.484615 0.152422 0.696703
0 0.181624 0.446154 0.118234 0.672527
0 0.205840 0.549451 0.143875 0.646154
0 0.294160 0.536264 0.121083 0.610989
0 0.265670 0.430769 0.126781 0.720879
0 0.356838 0.431868 0.112536 0.701099
0 0.415954 0.436264 0.108262 0.701099
0 0.463675 0.492308 0.106838 0.672527
0 0.406695 0.540659 0.135328 0.597802
0 0.536325 0.553846 0.172365 0.672527
0 0.529202 0.418681 0.121083 0.731868
0 0.591168 0.471429 0.122507 0.705495
0 0.646011 0.427473 0.115385 0.709890
0 0.645299 0.541758 0.142450 0.692308
0 0.757835 0.582418 0.185185 0.729670
0 0.727208 0.454945 0.123932 0.738462
0 0.796296 0.514286 0.139601 0.760440
0 0.902422 0.587912 0.195157 0.753846