0 0.199167 0.720551 0.025000 0.062657
0 0.200833 0.706767 0.033333 0.062657
0 0.216250 0.671053 0.020833 0.068922
0 0.217500 0.666667 0.020000 0.072682
0 0.247917 0.700501 0.022500 0.075188
0 0.255000 0.667920 0.015000 0.067669
0 0.267500 0.669799 0.016667 0.063910
0 0.287500 0.671053 0.015000 0.061404
0 0.282083 0.668546 0.014167 0.063910
0 0.287917 0.663534 0.014167 0.063910
0 0.334583 0.676065 0.015833 0.068922
0 0.356250 0.676065 0.015833 0.056391
0 0.367500 0.692356 0.015000 0.066416
0 0.412083 0.703634 0.012500 0.036341
0 0.447083 0.706767 0.012500 0.047619
0 0.457917 0.706140 0.012500 0.048872
0 0.471250 0.708647 0.014167 0.046366
0 0.488333 0.660401 0.011667 0.042607
0 0.549167 0.691103 0.011667 0.048872
0 0.593750 0.755013 0.017500 0.061404
0 0.520417 0.820175 0.020833 0.086466
0 0.555000 0.827694 0.021667 0.078947
0 0.460000 0.939223 0.028333 0.088972
0 0.479167 0.930451 0.026667 0.098997
0 0.668750 0.924812 0.024167 0.095238
0 0.695000 0.922932 0.033333 0.098997
0 0.793333 0.850877 0.016667 0.082707
0 0.822917 0.888471 0.014167 0.072682
0 0.890000 0.961153 0.028333 0.077694
0 0.498750 0.627193 0.009167 0.033835
0 0.495417 0.617794 0.007500 0.032581
0 0.472083 0.620301 0.009167 0.037594
0 0.463750 0.622180 0.009167 0.033835
0 0.454583 0.621554 0.010833 0.032581
0 0.439167 0.616541 0.008333 0.032581
0 0.297917 0.585840 0.007500 0.026316
0 0.352083 0.575815 0.007500 0.028822
0 0.412083 0.577694 0.007500 0.027569
0 0.281667 0.647243 0.011667 0.046366