0 0.140137 0.664714 0.086914 0.298682
0 0.103516 0.647877 0.080078 0.279649
0 0.191406 0.653001 0.083984 0.257687
0 0.450195 0.821376 0.140625 0.357247
0 0.404297 0.789898 0.140625 0.420205
0 0.263184 0.830893 0.118164 0.338214
0 0.749512 0.784773 0.129883 0.430454
0 0.664551 0.799414 0.129883 0.401171
0 0.587402 0.805271 0.104492 0.389458
0 0.549316 0.732796 0.098633 0.379209
0 0.456055 0.727672 0.087891 0.389458
0 0.368652 0.735725 0.086914 0.373353
0 0.320312 0.676428 0.070312 0.289898
0 0.226074 0.646413 0.059570 0.253294
0 0.269043 0.640556 0.053711 0.212299
0 0.604492 0.721083 0.097656 0.376281
0 0.847168 0.697657 0.088867 0.390922
0 0.898926 0.789165 0.088867 0.421669
0 0.722656 0.696925 0.080078 0.368960
0 0.754883 0.731332 0.066406 0.317716
0 0.812988 0.713031 0.069336 0.339678
0 0.778809 0.700586 0.071289 0.346999
0 0.064941 0.612738 0.047852 0.191801
0 0.062012 0.611274 0.028320 0.194729
0 0.383789 0.688873 0.060547 0.300146
0 0.483887 0.681552 0.053711 0.311859
0 0.532715 0.681552 0.061523 0.306003
0 0.583984 0.693997 0.060547 0.281113
0 0.583496 0.675695 0.075195 0.320644
0 0.404297 0.662518 0.083984 0.349927
0 0.401367 0.786969 0.128906 0.405564