0 0.025000 0.936718 0.050000 0.126565
0 0.014063 0.882476 0.028125 0.118220
0 0.013281 0.880389 0.026562 0.130737
0 0.034766 0.921419 0.050781 0.157163
0 0.051562 0.933241 0.035937 0.133519
0 0.086719 0.933936 0.051562 0.132128
0 0.070312 0.918637 0.032813 0.162726
0 0.050000 0.853268 0.021875 0.107093
0 0.050781 0.864395 0.023438 0.101530
0 0.079687 0.846314 0.025000 0.109875
0 0.080859 0.874826 0.027344 0.116829
0 0.087500 0.918637 0.023438 0.143255
0 0.105078 0.918637 0.025781 0.151599
0 0.105078 0.842837 0.024219 0.102921
0 0.095312 0.867177 0.020313 0.093185
0 0.092969 0.854659 0.023438 0.109875
0 0.120703 0.947149 0.049219 0.105702
0 0.155469 0.948540 0.073438 0.102921
0 0.183203 0.920028 0.055469 0.159944
0 0.147266 0.924896 0.044531 0.150209
0 0.159766 0.931154 0.041406 0.137691
0 0.137891 0.899166 0.035156 0.154381
0 0.126562 0.890125 0.029687 0.150209
0 0.121484 0.874826 0.032031 0.144645
0 0.167578 0.881085 0.024219 0.118220
0 0.190625 0.917942 0.034375 0.164117
0 0.206641 0.933936 0.032031 0.132128
0 0.181641 0.862309 0.025781 0.116829
0 0.158203 0.846314 0.030469 0.118220
0 0.168359 0.834492 0.024219 0.100139
0 0.196875 0.851878 0.021875 0.115438
0 0.209766 0.861613 0.028906 0.126565
0 0.227344 0.915160 0.035937 0.169680
0 0.223047 0.930459 0.075781 0.139082
0 0.228516 0.949930 0.055469 0.100139
0 0.276953 0.952712 0.064844 0.094576
0 0.273047 0.935327 0.049219 0.129346
0 0.277344 0.923505 0.067187 0.152990
0 0.259766 0.918637 0.038281 0.162726
0 0.242969 0.879694 0.023438 0.109875
0 0.254297 0.856745 0.022656 0.114047
0 0.310937 0.915160 0.046875 0.169680
0 0.283594 0.815021 0.015625 0.080668
0 0.274219 0.819193 0.021875 0.077886
0 0.336328 0.841446 0.027344 0.111266
0 0.335156 0.829624 0.028125 0.115438
0 0.307031 0.856745 0.028125 0.116829
0 0.298828 0.882476 0.024219 0.126565
0 0.382422 0.842837 0.025781 0.111266
0 0.358984 0.950626 0.060156 0.098748
0 0.360156 0.922809 0.042188 0.154381
0 0.389453 0.924200 0.053906 0.151599
0 0.384375 0.921419 0.042188 0.157163
0 0.421094 0.904729 0.064062 0.190542
0 0.409766 0.900556 0.027344 0.179416
0 0.444922 0.876217 0.027344 0.141864
0 0.454688 0.856745 0.025000 0.136300
0 0.458203 0.839360 0.017969 0.107093
0 0.413672 0.833102 0.022656 0.097357
0 0.426563 0.827538 0.018750 0.100139
0 0.483984 0.810153 0.013281 0.079277
0 0.479297 0.822670 0.013281 0.079277
0 0.473828 0.816412 0.017969 0.094576
0 0.362500 0.882476 0.023438 0.126565
0 0.504687 0.908901 0.064062 0.182197
0 0.496484 0.815021 0.017969 0.102921
0 0.521484 0.808762 0.017969 0.090403
0 0.507422 0.780250 0.014844 0.072323
0 0.499609 0.805285 0.016406 0.072323
0 0.614453 0.936718 0.063281 0.126565
0 0.610156 0.934631 0.085938 0.130737
0 0.695312 0.958971 0.076563 0.082058
0 0.740625 0.954103 0.057813 0.091794
0 0.785156 0.958275 0.073438 0.083449
0 0.871875 0.942976 0.062500 0.114047
0 0.940234 0.952017 0.053906 0.095967
0 0.953906 0.962448 0.056250 0.075104
0 0.834375 0.932545 0.042188 0.134910
0 0.906250 0.937413 0.046875 0.125174
0 0.957422 0.923505 0.060156 0.152990
0 0.808594 0.946453 0.042188 0.107093
0 0.749609 0.926982 0.064844 0.146036
0 0.777734 0.930459 0.047656 0.139082
0 0.728906 0.912378 0.048438 0.175243
0 0.652734 0.920723 0.047656 0.158554
0 0.670703 0.927677 0.041406 0.144645
0 0.599609 0.917942 0.061719 0.164117
0 0.579297 0.920028 0.050781 0.159944
0 0.568750 0.918637 0.037500 0.162726
0 0.560156 0.872740 0.029687 0.146036
0 0.548047 0.824757 0.019531 0.105702
0 0.582031 0.876217 0.026562 0.136300
0 0.621094 0.895688 0.032813 0.139082
0 0.639062 0.892211 0.034375 0.154381
0 0.698828 0.893602 0.030469 0.168289
0 0.636719 0.934631 0.039062 0.130737
0 0.672656 0.871349 0.034375 0.159944
0 0.617188 0.842142 0.025000 0.118220
0 0.787500 0.876912 0.029687 0.143255
0 0.866016 0.877608 0.032031 0.152990
0 0.915625 0.888039 0.032813 0.159944
0 0.903125 0.833797 0.023438 0.095967
0 0.982031 0.923505 0.034375 0.152990
0 0.988281 0.933241 0.023438 0.133519