0 0.807892 0.818773 0.073721 0.314126
0 0.741977 0.792751 0.044232 0.284387
0 0.728968 0.778810 0.044232 0.249071
0 0.768430 0.780669 0.041631 0.237918
0 0.884649 0.664498 0.071119 0.198885
0 0.949263 0.680297 0.042498 0.178439
0 0.971379 0.626394 0.046834 0.185874
0 0.881180 0.624535 0.034692 0.163569
0 0.845620 0.621747 0.039896 0.157993
0 0.813964 0.603160 0.035559 0.150558
0 0.798352 0.611524 0.028621 0.148699
0 0.741977 0.540892 0.026886 0.089219
0 0.754553 0.529740 0.020815 0.089219
0 0.769731 0.527881 0.019948 0.089219
0 0.792715 0.546468 0.019081 0.085502
0 0.766262 0.696097 0.026886 0.198885
0 0.693842 0.524164 0.017346 0.078067
0 0.707285 0.522305 0.014744 0.070632
0 0.744579 0.488848 0.009540 0.052045
0 0.769297 0.491636 0.013877 0.061338
0 0.292281 0.595725 0.027754 0.131970
0 0.240243 0.546468 0.019081 0.081784
0 0.220729 0.531599 0.018213 0.089219
0 0.211188 0.526022 0.019948 0.092937
0 0.144840 0.604089 0.043365 0.133829
0 0.139202 0.563197 0.025152 0.118959
0 0.104510 0.552045 0.028621 0.118959
0 0.075455 0.575279 0.027754 0.120818
0 0.041631 0.603160 0.034692 0.143123
0 0.021249 0.615242 0.035559 0.167286
0 0.171726 0.549257 0.020815 0.098513
0 0.274501 0.521375 0.014744 0.079926
0 0.294449 0.519517 0.018213 0.076208
0 0.316999 0.500929 0.009540 0.053903
0 0.323504 0.498141 0.012142 0.055762
0 0.343452 0.515799 0.012142 0.057621
0 0.339115 0.490706 0.010408 0.052045
0 0.351258 0.496283 0.010408 0.048327
0 0.364701 0.487918 0.009540 0.053903
0 0.380746 0.500929 0.010408 0.053903
0 0.389419 0.495353 0.012142 0.057621
0 0.733304 0.494424 0.009540 0.055762
0 0.726800 0.486989 0.008673 0.048327
0 0.706418 0.486989 0.011275 0.048327
0 0.688205 0.476766 0.007806 0.039033
0 0.681700 0.495353 0.008673 0.046468
0 0.092368 0.556691 0.025152 0.120818
0 0.021249 0.570632 0.026886 0.152416
0 0.050304 0.582714 0.024284 0.135688
0 0.062012 0.569703 0.023417 0.124535
0 0.196444 0.527881 0.025152 0.085502
0 0.862099 0.550186 0.022550 0.104089
0 0.191240 0.560409 0.018213 0.061338
0 0.382480 0.487918 0.008673 0.050186