0 0.684456 0.623476 0.038961 0.140854
0 0.657569 0.611128 0.025365 0.109451
0 0.634233 0.601829 0.028206 0.105488
0 0.508523 0.598933 0.024351 0.091159
0 0.113231 0.648780 0.226461 0.702439
0 0.104809 0.711128 0.108157 0.577744
0 0.164367 0.645122 0.138393 0.709756
0 0.247971 0.660061 0.184659 0.679878
0 0.317472 0.636890 0.150771 0.726220
0 0.413048 0.637805 0.106940 0.724390
0 0.404525 0.557622 0.193385 0.884756
0 0.573153 0.504726 0.156859 0.990549
0 0.820110 0.523018 0.359781 0.953963
0 0.779221 0.624390 0.186688 0.751220