0 0.045037 0.829861 0.090074 0.340278
0 0.047794 0.646038 0.032475 0.092729
0 0.077053 0.636029 0.016850 0.066993
0 0.086397 0.662582 0.037377 0.144608
0 0.113971 0.630106 0.020833 0.073121
0 0.137868 0.642974 0.030025 0.084150
0 0.195619 0.628676 0.024816 0.077614
0 0.202512 0.797386 0.085784 0.347222
0 0.256281 0.660743 0.035846 0.126225
0 0.277880 0.608456 0.009191 0.043709
0 0.282322 0.632353 0.026042 0.066176
0 0.226103 0.634804 0.015319 0.066993
0 0.318015 0.618056 0.014093 0.056373
0 0.310202 0.635212 0.018076 0.102124
0 0.302849 0.660539 0.040135 0.126634
0 0.346354 0.627042 0.017463 0.068627
0 0.416973 0.607843 0.011642 0.043301
0 0.434436 0.620098 0.012868 0.070261
0 0.444700 0.609886 0.010110 0.045752
0 0.458946 0.621936 0.018995 0.064134
0 0.500613 0.598039 0.007353 0.028595
0 0.509957 0.595180 0.007659 0.027778
0 0.523744 0.599673 0.008885 0.031863
0 0.534467 0.600899 0.011336 0.036765
0 0.544884 0.624183 0.011949 0.074346
0 0.560202 0.624796 0.016850 0.070670
0 0.604933 0.623366 0.014400 0.060458
0 0.617647 0.622345 0.014093 0.070670
0 0.635417 0.606209 0.008578 0.035131
0 0.648897 0.631740 0.017157 0.060049
0 0.682751 0.647876 0.037071 0.098039
0 0.687040 0.632557 0.015625 0.067402
0 0.711244 0.627451 0.021752 0.066993
0 0.729013 0.627042 0.017463 0.058007
0 0.736520 0.619281 0.016544 0.059641
0 0.754442 0.641748 0.018689 0.092320
0 0.794424 0.619894 0.017770 0.043709
0 0.833793 0.636029 0.022365 0.081699
0 0.875460 0.641748 0.024203 0.072712
0 0.892616 0.644608 0.027880 0.085784
0 0.915594 0.630923 0.021752 0.066585
0 0.933364 0.641748 0.015012 0.069444
0 0.943321 0.645833 0.011029 0.072712
0 0.954044 0.643587 0.014093 0.066585
0 0.965839 0.642157 0.015012 0.072712
0 0.978554 0.644404 0.014093 0.067402
0 0.993107 0.643587 0.011949 0.070670
0 0.985754 0.645016 0.011949 0.064542
0 0.901961 0.818832 0.107230 0.362337
0 0.811734 0.689542 0.059130 0.205882
0 0.765165 0.703227 0.041973 0.172794
0 0.705576 0.658292 0.023897 0.104167
0 0.661918 0.801675 0.088542 0.333742
0 0.519148 0.732843 0.053615 0.238562
0 0.470895 0.721814 0.055147 0.270425
0 0.439491 0.686275 0.036458 0.145425
0 0.435815 0.722631 0.037684 0.131536
0 0.405944 0.697917 0.040441 0.181781
0 0.377298 0.687092 0.067096 0.203431