0 0.205000 0.531895 0.015000 0.076923
0 0.223750 0.545966 0.022500 0.108818
0 0.237500 0.520638 0.015000 0.061914
0 0.257500 0.593809 0.047500 0.200750
0 0.288750 0.575985 0.045000 0.187617
0 0.443750 0.574109 0.050000 0.180113
0 0.394375 0.584428 0.056250 0.227017
0 0.338125 0.658537 0.063750 0.367730
0 0.321875 0.685741 0.138750 0.410882
0 0.411875 0.725141 0.091250 0.294559
0 0.240625 0.742964 0.078750 0.255159
0 0.502500 0.596623 0.080000 0.356473
0 0.056250 0.586304 0.112500 0.448405
0 0.673750 0.621013 0.125000 0.525328
0 0.740000 0.726079 0.132500 0.514071