0 0.845732 0.570000 0.179268 0.830000
0 0.756098 0.547500 0.124390 0.685000
0 0.701829 0.676250 0.164634 0.542500
0 0.682317 0.541250 0.108537 0.742500
0 0.624390 0.466250 0.100000 0.637500
0 0.532927 0.407500 0.073171 0.470000
0 0.590244 0.506250 0.063415 0.537500
0 0.534756 0.515000 0.069512 0.545000
0 0.480488 0.625000 0.095122 0.555000
0 0.479268 0.505000 0.090244 0.535000
0 0.468293 0.417500 0.068293 0.445000
0 0.405488 0.411250 0.054878 0.392500
0 0.378659 0.382500 0.045122 0.375000
0 0.337805 0.413750 0.063415 0.447500
0 0.251829 0.430000 0.079268 0.495000
0 0.179268 0.552500 0.136585 0.695000
0 0.178659 0.688750 0.230488 0.572500
0 0.298171 0.692500 0.113415 0.530000
0 0.379268 0.638750 0.087805 0.472500
0 0.418902 0.505000 0.089024 0.485000
0 0.281098 0.476250 0.093902 0.502500
0 0.337805 0.510000 0.090244 0.485000
0 0.922561 0.268750 0.015854 0.087500
0 0.942683 0.271250 0.021951 0.057500
0 0.754878 0.262500 0.021951 0.050000