0 0.072396 0.829630 0.128125 0.340741
0 0.187760 0.820370 0.106771 0.359259
0 0.344010 0.820833 0.203646 0.358333
0 0.551562 0.801852 0.242708 0.396296
0 0.926562 0.825463 0.086458 0.349074
0 0.773438 0.850463 0.057292 0.299074
0 0.745573 0.848611 0.076563 0.302778
0 0.668750 0.831019 0.063542 0.337963
0 0.719792 0.870370 0.039583 0.259259
0 0.707031 0.869907 0.044271 0.260185
0 0.468750 0.807407 0.098958 0.385185
0 0.367188 0.847685 0.059375 0.304630
0 0.502083 0.843981 0.078125 0.312037
0 0.884375 0.846296 0.069792 0.307407
0 0.040885 0.861574 0.030729 0.171296