0 0.866797 0.337500 0.044531 0.216667
0 0.802734 0.392361 0.042969 0.276389
0 0.721484 0.480556 0.235156 0.813889
0 0.598047 0.353472 0.083594 0.229167
0 0.564453 0.365972 0.030469 0.226389
0 0.541016 0.352778 0.058594 0.227778
0 0.489844 0.389583 0.087500 0.343056
0 0.428125 0.356250 0.073438 0.329167
0 0.410547 0.390972 0.083594 0.343056
0 0.367188 0.374306 0.057813 0.273611
0 0.343750 0.377083 0.035937 0.190278
0 0.323437 0.375000 0.037500 0.188889
0 0.283203 0.374306 0.082031 0.365278
0 0.242188 0.379167 0.065625 0.283333
0 0.222266 0.363194 0.039844 0.206944
0 0.157422 0.370833 0.082031 0.291667
0 0.087109 0.386806 0.092969 0.420833
0 0.040234 0.375694 0.060156 0.287500