0 0.847308 0.612277 0.125385 0.460651
0 0.768077 0.660546 0.082308 0.380902
0 0.678077 0.650052 0.088462 0.376705
0 0.629231 0.597587 0.061538 0.229801
0 0.603462 0.580797 0.060769 0.231899
0 0.614615 0.537775 0.038462 0.168940
0 0.579615 0.535152 0.031538 0.161595
0 0.560769 0.564008 0.047692 0.229801
0 0.538846 0.579748 0.051538 0.229801
0 0.516154 0.539349 0.030769 0.155299
0 0.475769 0.631165 0.113077 0.399790
0 0.370769 0.659496 0.127692 0.355719
0 0.390385 0.561910 0.071538 0.194124
0 0.395769 0.546170 0.037692 0.168940
0 0.263846 0.543547 0.063077 0.188877
0 0.320385 0.525184 0.031538 0.129066
0 0.309615 0.517314 0.025385 0.107030
0 0.326538 0.525708 0.026923 0.107030
0 0.216923 0.534627 0.027692 0.108080
0 0.230000 0.521511 0.024615 0.107030
0 0.175769 0.515740 0.025385 0.097587
0 0.135769 0.514166 0.020769 0.098636
0 0.142692 0.508395 0.025385 0.097587
0 0.166538 0.513116 0.017692 0.086044
0 0.647692 0.554565 0.036923 0.158447
0 0.717692 0.535152 0.029231 0.113326
0 0.740385 0.523085 0.025385 0.099685
0 0.690385 0.520462 0.026923 0.107030
0 0.659615 0.512592 0.023846 0.087093
0 0.892308 0.600210 0.070769 0.184680
0 0.900769 0.596013 0.069231 0.184680