0 0.116784 0.571875 0.019953 0.072917
0 0.149061 0.569792 0.021127 0.093750
0 0.173122 0.568750 0.029343 0.108333
0 0.191315 0.567708 0.021127 0.102083
0 0.203638 0.559375 0.034038 0.127083
0 0.257042 0.560417 0.032864 0.129167
0 0.288146 0.570833 0.036385 0.120833
0 0.301056 0.575000 0.031690 0.125000
0 0.318662 0.571875 0.022300 0.114583
0 0.355047 0.575000 0.036385 0.112500
0 0.367958 0.577083 0.034038 0.112500
0 0.559859 0.577083 0.011737 0.050000
0 0.681925 0.566667 0.021127 0.091667
0 0.733568 0.566667 0.032864 0.129167
0 0.811033 0.557292 0.046948 0.156250
0 0.243545 0.569792 0.019953 0.106250
0 0.227113 0.560417 0.019953 0.112500