0 0.656923 0.711458 0.087692 0.285417
0 0.557308 0.705208 0.071538 0.275000
0 0.495000 0.681250 0.070000 0.277083
0 0.328462 0.704688 0.098462 0.313542
0 0.221154 0.695312 0.085385 0.263542
0 0.299231 0.693750 0.061538 0.268750
0 0.035000 0.627083 0.070000 0.162500
0 0.069615 0.610417 0.040769 0.154167
0 0.109615 0.628125 0.046923 0.168750
0 0.099231 0.621875 0.027692 0.127083
0 0.094231 0.604688 0.026923 0.117708
0 0.086154 0.592708 0.024615 0.108333
0 0.133846 0.628125 0.033846 0.133333
0 0.133077 0.613021 0.030769 0.126042
0 0.184615 0.627083 0.044615 0.160417
0 0.208077 0.615625 0.034615 0.135417
0 0.246923 0.594792 0.021538 0.081250
0 0.262308 0.601042 0.023077 0.083333
0 0.382692 0.622396 0.030000 0.115625
0 0.367692 0.600521 0.026154 0.109375
0 0.409615 0.610938 0.019231 0.086458
0 0.435000 0.605729 0.019231 0.092708
0 0.397308 0.598958 0.020769 0.089583
0 0.459615 0.608333 0.034615 0.139583
0 0.469615 0.626042 0.031538 0.127083
0 0.468462 0.623958 0.033846 0.114583
0 0.520000 0.613542 0.038462 0.127083
0 0.580769 0.616667 0.032308 0.112500
0 0.595769 0.621875 0.033077 0.131250
0 0.615769 0.629167 0.034615 0.125000
0 0.629615 0.611458 0.020769 0.097917
0 0.718846 0.612500 0.034615 0.114583
0 0.663077 0.620833 0.035385 0.125000