0 0.137917 0.805610 0.275833 0.388780
0 0.089583 0.484252 0.179167 0.584646
0 0.191667 0.447343 0.166667 0.670276
0 0.362500 0.587598 0.188333 0.561024
0 0.075000 0.388780 0.125000 0.537402
0 0.320000 0.427657 0.180000 0.569882
0 0.443333 0.451280 0.173333 0.487205
0 0.465417 0.403543 0.092500 0.503937
0 0.548750 0.383858 0.110833 0.470472
0 0.630000 0.391732 0.086667 0.389764
0 0.813333 0.494587 0.368333 0.989173
0 0.972500 0.428642 0.055000 0.465551
0 0.887917 0.331693 0.120833 0.421260
0 0.910417 0.341043 0.067500 0.282480
0 0.924583 0.334154 0.047500 0.266732
0 0.966250 0.323327 0.049167 0.235236