0 0.026250 0.452500 0.035833 0.177500
0 0.164583 0.496250 0.050833 0.147500
0 0.220000 0.490000 0.061667 0.200000
0 0.305833 0.471250 0.041667 0.227500
0 0.335000 0.453750 0.023333 0.172500
0 0.356250 0.484375 0.057500 0.213750
0 0.368750 0.468125 0.029167 0.161250
0 0.390417 0.468125 0.054167 0.198750
0 0.420833 0.459375 0.025000 0.133750
0 0.454583 0.471250 0.044167 0.210000
0 0.451250 0.555625 0.115833 0.386250
0 0.565000 0.543750 0.098333 0.400000
0 0.745833 0.636250 0.173333 0.617500
0 0.190000 0.428125 0.025000 0.093750
0 0.174583 0.428125 0.024167 0.076250
0 0.158333 0.424375 0.020000 0.071250
0 0.317917 0.473125 0.032500 0.186250
0 0.536250 0.490625 0.050833 0.223750