0 0.100833 0.806148 0.156667 0.204517
0 0.307083 0.830615 0.174167 0.190715
0 0.553333 0.831242 0.158333 0.184442
0 0.962500 0.855709 0.075000 0.288582
0 0.775417 0.727102 0.119167 0.154329
0 0.685000 0.769762 0.161667 0.184442
0 0.663750 0.750314 0.095833 0.193225
0 0.301667 0.749059 0.140000 0.170640
0 0.354583 0.734003 0.135833 0.163112
0 0.467083 0.724592 0.149167 0.244668
0 0.522500 0.750314 0.095000 0.173149
0 0.467083 0.667503 0.120833 0.138018
0 0.517083 0.704517 0.152500 0.129235
0 0.135417 0.587202 0.102500 0.250941
0 0.023333 0.558344 0.046667 0.183187
0 0.033750 0.556462 0.049167 0.154329
0 0.348750 0.544542 0.045833 0.160602
0 0.421250 0.513174 0.044167 0.163112
0 0.386667 0.519448 0.043333 0.175659
0 0.730833 0.521330 0.051667 0.149310
0 0.795417 0.523212 0.050833 0.158093
0 0.876250 0.523839 0.064167 0.159348
0 0.932917 0.528858 0.060833 0.164366
0 0.981250 0.534504 0.037500 0.143036
0 0.193333 0.345044 0.046667 0.110414
0 0.269583 0.343789 0.045833 0.115433
0 0.514167 0.331870 0.036667 0.141782
0 0.545417 0.318068 0.042500 0.169385
0 0.585833 0.319950 0.045000 0.163112
0 0.777917 0.365747 0.049167 0.101631
0 0.823750 0.363237 0.039167 0.104141
0 0.946250 0.371393 0.039167 0.105395
0 0.978750 0.372020 0.042500 0.114178
0 0.157917 0.242785 0.032500 0.079046
0 0.200417 0.244040 0.027500 0.071518
0 0.224583 0.242785 0.024167 0.074028
0 0.255000 0.239649 0.030000 0.075282
0 0.665000 0.256587 0.035000 0.109159
0 0.704167 0.248432 0.033333 0.112923
0 0.736667 0.249686 0.036667 0.115433
0 0.799167 0.260351 0.041667 0.104141
0 0.290000 0.244040 0.038333 0.096612
0 0.319167 0.242158 0.033333 0.090339
0 0.365417 0.234003 0.034167 0.106650
0 0.400417 0.227729 0.034167 0.101631
0 0.432500 0.227102 0.036667 0.107905
0 0.465000 0.227729 0.040000 0.111669
0 0.337917 0.229611 0.030833 0.097867
0 0.502917 0.239649 0.029167 0.082811
0 0.485833 0.227729 0.033333 0.106650
0 0.239167 0.217691 0.031667 0.101631
0 0.272083 0.220828 0.032500 0.100376
0 0.307917 0.223965 0.032500 0.114178
0 0.361667 0.202635 0.030000 0.099122
0 0.292500 0.196989 0.028333 0.107905
0 0.317917 0.182560 0.029167 0.109159
0 0.411250 0.191970 0.037500 0.127980
0 0.177917 0.082811 0.047500 0.107905
0 0.065000 0.210163 0.033333 0.111669
0 0.014583 0.220828 0.029167 0.112923
0 0.050833 0.137390 0.033333 0.081556
0 0.309583 0.154329 0.032500 0.092848
0 0.337083 0.152447 0.029167 0.089084
0 0.368333 0.150565 0.033333 0.100376
0 0.396667 0.144918 0.033333 0.094103
0 0.437917 0.174404 0.030833 0.097867
0 0.475000 0.176286 0.033333 0.099122
0 0.507917 0.203262 0.035833 0.097867
0 0.455000 0.158093 0.035000 0.097867
0 0.337083 0.087829 0.030833 0.095358
0 0.425417 0.153074 0.035833 0.102886
0 0.478750 0.134881 0.037500 0.114178
0 0.443333 0.141782 0.026667 0.092848
0 0.691667 0.228356 0.031667 0.107905
0 0.783333 0.229611 0.038333 0.110414
0 0.831667 0.257842 0.036667 0.084065
0 0.732917 0.205772 0.037500 0.112923
0 0.853333 0.235257 0.036667 0.111669
0 0.882917 0.237767 0.032500 0.101631
0 0.904167 0.247177 0.040000 0.100376
0 0.818750 0.225847 0.039167 0.100376
0 0.572917 0.148055 0.034167 0.095358
0 0.545000 0.144291 0.033333 0.105395
0 0.549167 0.097867 0.041667 0.095358
0 0.451667 0.087202 0.028333 0.094103
0 0.697500 0.095358 0.033333 0.090339
0 0.735417 0.094730 0.035833 0.096612
0 0.721250 0.179423 0.039167 0.107905
0 0.752917 0.173777 0.037500 0.104141
0 0.813750 0.180678 0.034167 0.112923
0 0.865833 0.200753 0.036667 0.105395
0 0.881250 0.179423 0.040833 0.112923
0 0.922500 0.224592 0.035000 0.100376
0 0.970833 0.218319 0.041667 0.120452
0 0.924583 0.153074 0.039167 0.110414
0 0.780417 0.129862 0.039167 0.116688
0 0.858750 0.158720 0.042500 0.109159
0 0.827917 0.168130 0.044167 0.138018
0 0.985000 0.125471 0.030000 0.150565
0 0.971667 0.135508 0.036667 0.117942
0 0.656667 0.089084 0.038333 0.122961
0 0.609583 0.072773 0.040833 0.120452
0 0.526250 0.058344 0.025833 0.081556
0 0.371667 0.043915 0.033333 0.087829
0 0.470000 0.056462 0.030000 0.095358
0 0.554167 0.065872 0.035000 0.101631
0 0.582083 0.076537 0.025833 0.095358
0 0.375417 0.112296 0.034167 0.089084
0 0.416250 0.088457 0.032500 0.101631
0 0.776667 0.088457 0.038333 0.111669
0 0.806667 0.084693 0.038333 0.109159
0 0.834167 0.089711 0.035000 0.111669
0 0.857083 0.114806 0.039167 0.119197
0 0.934167 0.212673 0.040000 0.126725
0 0.482917 0.196989 0.034167 0.095358
0 0.409583 0.170640 0.039167 0.087829
0 0.810833 0.131117 0.033333 0.099122
0 0.850000 0.132999 0.033333 0.120452
0 0.875833 0.125471 0.040000 0.138018