0 0.017207 0.709985 0.034415 0.162996
0 0.036382 0.699706 0.021632 0.118943
0 0.071780 0.700441 0.068830 0.185022
0 0.081613 0.697504 0.051131 0.193833
0 0.108653 0.690162 0.032448 0.155653
0 0.137168 0.687225 0.054081 0.196769
0 0.155359 0.687959 0.023599 0.107195
0 0.185349 0.684288 0.028515 0.114537
0 0.198623 0.682085 0.027532 0.116006
0 0.203540 0.675477 0.029499 0.126285
0 0.232547 0.676211 0.030482 0.121880
0 0.256637 0.669604 0.029499 0.114537
0 0.295969 0.673275 0.084562 0.212922
0 0.302360 0.662996 0.036382 0.133627
0 0.327434 0.657856 0.033432 0.132159
0 0.368240 0.698238 0.099312 0.327460
0 0.404130 0.654919 0.035398 0.117474
0 0.450344 0.651982 0.031465 0.096916
0 0.507866 0.635830 0.026549 0.123348
0 0.556047 0.646109 0.071780 0.249633
0 0.583088 0.632893 0.039331 0.155653
0 0.597837 0.623348 0.031465 0.151248
0 0.620944 0.630690 0.040315 0.151248
0 0.637660 0.624816 0.040315 0.151248
0 0.656834 0.618209 0.043265 0.167401
0 0.691740 0.622614 0.034415 0.149780
0 0.732055 0.638767 0.111111 0.402349
0 0.766962 0.640235 0.102262 0.346549
0 0.782203 0.622614 0.099312 0.352423
0 0.795477 0.618209 0.096362 0.328928
0 0.804326 0.613803 0.098328 0.287812
0 0.823500 0.606461 0.036382 0.170338
0 0.832842 0.618209 0.047198 0.158590
0 0.845624 0.608664 0.053097 0.171806
0 0.877581 0.610866 0.050147 0.164464
0 0.890855 0.605727 0.047198 0.165932
0 0.906588 0.590308 0.045231 0.173275
0 0.942478 0.596916 0.059980 0.177680
0 0.952311 0.584435 0.038348 0.185022
0 0.979843 0.586637 0.040315 0.177680
0 0.988201 0.575624 0.023599 0.190896