0 0.058462 0.482922 0.089231 0.305503
0 0.147692 0.545541 0.118462 0.444023
0 0.143077 0.484345 0.075385 0.283681
0 0.190769 0.399431 0.069231 0.210626
0 0.223077 0.378558 0.044615 0.151803
0 0.233077 0.389943 0.053846 0.168880
0 0.270000 0.604364 0.146154 0.533207
0 0.316923 0.503321 0.101538 0.351992
0 0.275385 0.528463 0.115385 0.356736
0 0.395385 0.360057 0.027692 0.080645
0 0.421923 0.478653 0.086923 0.293169
0 0.450000 0.445446 0.060000 0.255218
0 0.501154 0.440702 0.080769 0.283681
0 0.534231 0.479127 0.094615 0.290323
0 0.518077 0.544118 0.140769 0.465844
0 0.571154 0.425522 0.063846 0.253321
0 0.647308 0.458729 0.111538 0.382353
0 0.645385 0.518975 0.109231 0.364326
0 0.686923 0.432163 0.063077 0.281784
0 0.722308 0.437381 0.078462 0.233397
0 0.769231 0.415085 0.061538 0.276091
0 0.736154 0.549810 0.107692 0.384250
0 0.838077 0.604364 0.194615 0.550285
0 0.840769 0.535104 0.118462 0.381404
0 0.963077 0.459677 0.073846 0.310247