0 0.545898 0.875549 0.246094 0.248902
0 0.138672 0.863104 0.277344 0.273792
0 0.775391 0.896047 0.173828 0.207906
0 0.832031 0.912884 0.113281 0.174231
0 0.926270 0.863836 0.147461 0.272328
0 0.957031 0.811859 0.085938 0.376281
0 0.220215 0.904832 0.159180 0.190337
0 0.333496 0.867496 0.159180 0.265007
0 0.202637 0.856515 0.118164 0.286969
0 0.268066 0.836750 0.124023 0.326501
0 0.426758 0.837482 0.126953 0.325037
0 0.558594 0.822840 0.105469 0.354319
0 0.679199 0.836018 0.137695 0.327965
0 0.754883 0.852123 0.117188 0.295754
0 0.866699 0.833821 0.124023 0.332357
0 0.804688 0.844070 0.083984 0.311859
0 0.881836 0.800146 0.119141 0.399707
0 0.865234 0.769400 0.117188 0.423133
0 0.766113 0.749634 0.094727 0.374817
0 0.685547 0.808931 0.097656 0.382138
0 0.676758 0.781113 0.121094 0.414348
0 0.245605 0.810395 0.124023 0.379209
0 0.328613 0.790630 0.116211 0.418741
0 0.352539 0.792094 0.083984 0.383602
0 0.404297 0.796486 0.097656 0.407028
0 0.471191 0.720351 0.077148 0.336750
0 0.431641 0.678624 0.048828 0.256223
0 0.557617 0.689605 0.097656 0.327965
0 0.532715 0.674231 0.071289 0.297218
0 0.646973 0.705710 0.100586 0.363104
0 0.768066 0.679356 0.079102 0.310395
0 0.806641 0.606881 0.033203 0.150805
0 0.787598 0.624451 0.032227 0.165447
0 0.713867 0.632504 0.066406 0.263543
0 0.747559 0.602489 0.038086 0.177160
0 0.756836 0.579795 0.039062 0.172767
0 0.692871 0.587116 0.057617 0.216691
0 0.636719 0.661054 0.048828 0.270864
0 0.586426 0.658858 0.049805 0.257687
0 0.500488 0.631772 0.061523 0.273792
0 0.422852 0.625915 0.056641 0.215227
0 0.385742 0.601025 0.052734 0.226940