0 0.662281 0.920954 0.121053 0.158093
0 0.541228 0.946048 0.110526 0.107905
0 0.908333 0.747177 0.062281 0.174404
0 0.881140 0.767252 0.037719 0.106650
0 0.379825 0.863864 0.092982 0.272271
0 0.237281 0.876412 0.090351 0.247177
0 0.286404 0.715809 0.067544 0.181932
0 0.692105 0.660602 0.036842 0.106650
0 0.732895 0.648683 0.023684 0.115433
0 0.745614 0.628607 0.021053 0.087829
0 0.799561 0.629862 0.028947 0.090339
0 0.552632 0.634253 0.033333 0.096612
0 0.488596 0.644291 0.021053 0.096612
0 0.454386 0.641154 0.028070 0.110414
0 0.471930 0.641154 0.024561 0.092848
0 0.367982 0.628607 0.025439 0.085320
0 0.348684 0.631744 0.021930 0.084065
0 0.249123 0.617942 0.026316 0.071518
0 0.242105 0.609787 0.021053 0.082811
0 0.153509 0.607905 0.021053 0.084065
0 0.132456 0.607277 0.021053 0.085320
0 0.943860 0.614806 0.021053 0.067754