0 0.240677 0.582571 0.086155 0.181143
0 0.157094 0.581857 0.070724 0.176286
0 0.117660 0.576143 0.105015 0.198571
0 0.059794 0.575000 0.105015 0.198571
0 0.074153 0.642143 0.114874 0.194571
0 0.175739 0.641143 0.089156 0.137143
0 0.232533 0.708857 0.181312 0.276571
0 0.359623 0.705571 0.223746 0.292286
0 0.833476 0.600143 0.086155 0.215143
0 0.513073 0.689000 0.114874 0.214571
0 0.437634 0.495714 0.310330 0.529714
0 0.921560 0.592000 0.156880 0.761143
0 0.694599 0.678143 0.286755 0.643714
0 0.126018 0.630429 0.067724 0.099143
0 0.312473 0.620714 0.099443 0.127714