0 0.050000 0.637963 0.086458 0.570370
0 0.112240 0.677778 0.142187 0.494444
0 0.141146 0.718981 0.222917 0.562037
0 0.253906 0.593056 0.107813 0.506481
0 0.263021 0.724074 0.150000 0.551852
0 0.442448 0.684722 0.094271 0.562037
0 0.422396 0.725000 0.195833 0.550000
0 0.468490 0.724074 0.197396 0.551852
0 0.614062 0.689352 0.110417 0.606481
0 0.687500 0.681944 0.117708 0.600926
0 0.725000 0.626389 0.078125 0.528704
0 0.870052 0.660185 0.133854 0.596296
0 0.891406 0.701852 0.091146 0.596296
0 0.923698 0.690741 0.147396 0.618519
0 0.952083 0.674537 0.095833 0.650926