0 0.572187 0.745625 0.086875 0.348750
0 0.763750 0.900000 0.072500 0.200000
0 0.692500 0.846875 0.037500 0.166250
0 0.669687 0.832500 0.026875 0.170000
0 0.652188 0.853750 0.033125 0.172500
0 0.624375 0.871875 0.038750 0.201250
0 0.538438 0.881875 0.043125 0.203750
0 0.495625 0.878125 0.050000 0.206250
0 0.475313 0.916250 0.036875 0.167500
0 0.439375 0.880625 0.041250 0.201250
0 0.380625 0.883125 0.042500 0.233750
0 0.393750 0.933125 0.063750 0.133750
0 0.342500 0.936250 0.046250 0.127500
0 0.349687 0.891875 0.038125 0.213750
0 0.313437 0.939375 0.056875 0.121250
0 0.284062 0.874375 0.043125 0.198750
0 0.241875 0.907500 0.062500 0.185000
0 0.232500 0.951250 0.057500 0.097500
0 0.164375 0.954375 0.062500 0.091250
0 0.114375 0.948750 0.055000 0.102500
0 0.090625 0.913125 0.037500 0.173750
0 0.048750 0.942500 0.097500 0.115000