0 0.990625 0.729821 0.018750 0.065022
0 0.964844 0.790359 0.051562 0.208520
0 0.937500 0.774664 0.056250 0.168161
0 0.864844 0.783632 0.073438 0.208520
0 0.869531 0.798206 0.073438 0.201794
0 0.832812 0.769058 0.031250 0.130045
0 0.821094 0.776906 0.054688 0.163677
0 0.760156 0.780269 0.070312 0.192825
0 0.751563 0.771300 0.071875 0.174888
0 0.705469 0.780269 0.051562 0.197309
0 0.624219 0.769058 0.045312 0.161435
0 0.570312 0.773543 0.062500 0.170404
0 0.484375 0.767937 0.031250 0.150224
0 0.489844 0.774664 0.048438 0.150224
0 0.343750 0.783632 0.040625 0.159193
0 0.259375 0.767937 0.031250 0.150224
0 0.226562 0.778027 0.034375 0.121076
0 0.205469 0.785874 0.032813 0.100897
0 0.184375 0.765695 0.028125 0.091928
0 0.178906 0.780269 0.023438 0.094170
0 0.153125 0.771300 0.028125 0.103139
0 0.147656 0.785874 0.032813 0.105381
0 0.139063 0.786996 0.025000 0.107623
0 0.119531 0.790359 0.029687 0.114350
0 0.101562 0.780269 0.046875 0.152466
0 0.061719 0.782511 0.035937 0.098655
0 0.046094 0.782511 0.017188 0.089686
0 0.042188 0.783632 0.015625 0.091928
0 0.013281 0.771300 0.026562 0.098655