0 0.024063 0.654583 0.048125 0.184167
0 0.045937 0.624167 0.030625 0.090000
0 0.058750 0.633750 0.030000 0.107500
0 0.077500 0.654583 0.047500 0.177500
0 0.096875 0.632917 0.017500 0.105833
0 0.114375 0.661250 0.037500 0.169167
0 0.143750 0.770000 0.111250 0.431667
0 0.179688 0.703750 0.060625 0.292500
0 0.203437 0.627083 0.036875 0.144167
0 0.240313 0.759167 0.103125 0.446667
0 0.250000 0.740000 0.107500 0.425000
0 0.297187 0.688333 0.061875 0.263333
0 0.337187 0.662500 0.050625 0.225000
0 0.366563 0.671667 0.058125 0.243333
0 0.379375 0.763750 0.142500 0.440833
0 0.434063 0.741250 0.129375 0.427500
0 0.546562 0.682083 0.063125 0.227500
0 0.496250 0.611667 0.027500 0.088333
0 0.582500 0.662083 0.048750 0.190833
0 0.602187 0.628750 0.028125 0.115833
0 0.626563 0.619583 0.028125 0.087500
0 0.640312 0.671250 0.059375 0.180833
0 0.667500 0.626667 0.031250 0.121667
0 0.656875 0.622083 0.020000 0.107500
0 0.719375 0.672500 0.063750 0.260000
0 0.737500 0.708750 0.090000 0.365833
0 0.784375 0.694167 0.063750 0.251667
0 0.835625 0.690833 0.082500 0.265000
0 0.888750 0.636667 0.023750 0.095000
0 0.897188 0.639583 0.038125 0.134167
0 0.929375 0.642917 0.026250 0.104167
0 0.943750 0.638333 0.040000 0.135000
0 0.941875 0.734583 0.065000 0.130833
0 0.955625 0.633750 0.030000 0.129167
0 0.981875 0.652083 0.033750 0.149167