0 0.973437 0.657733 0.053125 0.236380
0 0.877865 0.686292 0.044271 0.246046
0 0.840625 0.681459 0.051042 0.218805
0 0.809635 0.641476 0.055729 0.263620
0 0.822396 0.669156 0.041667 0.232865
0 0.777083 0.695958 0.056250 0.210896
0 0.764844 0.666960 0.046354 0.207381
0 0.755729 0.652021 0.044792 0.221441
0 0.729427 0.630931 0.092188 0.284710
0 0.724740 0.684974 0.036979 0.218805
0 0.713802 0.691564 0.034896 0.214411
0 0.701823 0.661687 0.031771 0.210896
0 0.688542 0.670035 0.041667 0.213533
0 0.639062 0.655536 0.071875 0.228471
0 0.636979 0.660808 0.044792 0.203866
0 0.659375 0.690685 0.060417 0.189807
0 0.666667 0.697715 0.061458 0.216169
0 0.615625 0.717047 0.045833 0.166960
0 0.563021 0.721880 0.044792 0.178383
0 0.518490 0.724517 0.054688 0.178383
0 0.486458 0.722759 0.040625 0.167838
0 0.449740 0.689807 0.032813 0.239016
0 0.593490 0.630931 0.048438 0.256591
0 0.590104 0.685852 0.045833 0.217047
0 0.561198 0.661687 0.036979 0.202109
0 0.542188 0.681019 0.042708 0.224956
0 0.518229 0.657293 0.045833 0.203866
0 0.500000 0.623023 0.030208 0.165202
0 0.477865 0.648946 0.025521 0.167838
0 0.492448 0.692004 0.042188 0.208260
0 0.453385 0.647188 0.029687 0.188928
0 0.439063 0.631371 0.029167 0.180141
0 0.418490 0.662566 0.047396 0.247803
0 0.444531 0.674429 0.038021 0.201230
0 0.421875 0.682777 0.041667 0.249561
0 0.403385 0.694200 0.057813 0.203866
0 0.393490 0.665202 0.032813 0.191564
0 0.365625 0.709139 0.042708 0.189807
0 0.332552 0.684974 0.040104 0.250439
0 0.306250 0.738137 0.056250 0.131810
0 0.362760 0.651582 0.048438 0.206503
0 0.354167 0.623902 0.029167 0.173989
0 0.319531 0.636204 0.030729 0.161687
0 0.332552 0.665641 0.039062 0.204745
0 0.299479 0.648067 0.034375 0.204745
0 0.288542 0.684534 0.030208 0.200351
0 0.266667 0.683656 0.034375 0.242531
0 0.268750 0.666960 0.032292 0.195079
0 0.241146 0.636204 0.034375 0.235501
0 0.249479 0.684974 0.034375 0.192443
0 0.240104 0.697715 0.032292 0.179262
0 0.217188 0.736380 0.042708 0.123023
0 0.216927 0.690246 0.039062 0.199473
0 0.185938 0.690685 0.033333 0.210896
0 0.164583 0.668278 0.032292 0.222320
0 0.159375 0.703427 0.037500 0.199473
0 0.134115 0.687170 0.033854 0.214411
0 0.122917 0.684974 0.030208 0.199473
0 0.094792 0.702109 0.054167 0.221441
0 0.088021 0.686292 0.033333 0.219684
0 0.059375 0.692443 0.035417 0.212654
0 0.025781 0.693761 0.047396 0.227592
0 0.019010 0.684095 0.038021 0.206503
0 0.016927 0.575571 0.026562 0.105448
0 0.198177 0.644112 0.031771 0.147627