0 0.017081 0.562261 0.021739 0.082375
0 0.075569 0.663793 0.130435 0.408046
0 0.181677 0.647510 0.123188 0.337165
0 0.264493 0.607280 0.127329 0.295019
0 0.272774 0.651341 0.162526 0.383142
0 0.502588 0.607280 0.023810 0.145594
0 0.509834 0.654215 0.102484 0.335249
0 0.637164 0.633142 0.023810 0.109195
0 0.649586 0.698276 0.110766 0.477011
0 0.753623 0.659962 0.171843 0.365900
0 0.720497 0.621648 0.026915 0.147510
0 0.747930 0.625479 0.030021 0.143678
0 0.959110 0.625479 0.034161 0.143678
0 0.987060 0.618774 0.025880 0.134100