0 0.389859 0.832721 0.068934 0.234886
0 0.437806 0.854167 0.041667 0.147876
0 0.473652 0.833538 0.077819 0.207925
0 0.484069 0.833946 0.051471 0.183415
0 0.557445 0.784109 0.037071 0.100082
0 0.589920 0.781658 0.033395 0.104167
0 0.602635 0.758783 0.014706 0.048611
0 0.621783 0.767157 0.016238 0.058007
0 0.634957 0.764297 0.013787 0.052288
0 0.643229 0.765319 0.013787 0.051879
0 0.662837 0.770425 0.019914 0.052288
0 0.680147 0.777165 0.014706 0.060049
0 0.691789 0.774101 0.016544 0.068627
0 0.702053 0.773284 0.015625 0.068627
0 0.697151 0.758987 0.008885 0.039216
0 0.723346 0.763072 0.011029 0.044118
0 0.738051 0.761029 0.017157 0.047386
0 0.731311 0.758987 0.013480 0.045752
0 0.749847 0.760825 0.014400 0.046977
0 0.768689 0.760417 0.010417 0.045343
0 0.777420 0.775123 0.022365 0.074755
0 0.800245 0.766340 0.015319 0.059641
0 0.808977 0.775940 0.018076 0.061683
0 0.814338 0.762459 0.014706 0.048611
0 0.828431 0.761642 0.011029 0.039624
0 0.841452 0.764706 0.016238 0.046569
0 0.843444 0.762255 0.012868 0.048203
0 0.846507 0.758170 0.011029 0.044935
0 0.855392 0.772672 0.017770 0.062500
0 0.872243 0.773080 0.022672 0.063317
0 0.883425 0.760825 0.015625 0.049428
0 0.891850 0.785335 0.023897 0.075572
0 0.903646 0.761642 0.012561 0.042075
0 0.912531 0.763480 0.015012 0.049020
0 0.919118 0.767974 0.013480 0.054739
0 0.946538 0.774510 0.026654 0.097222
0 0.964614 0.782680 0.030331 0.076797
0 0.977941 0.812704 0.044118 0.165441
0 0.967984 0.761642 0.009498 0.026552
0 0.513480 0.757966 0.014093 0.047794
0 0.509957 0.770425 0.010723 0.056373
0 0.500460 0.771038 0.015012 0.058415
0 0.490196 0.771242 0.018995 0.063725
0 0.465686 0.758374 0.014093 0.041258
0 0.456189 0.765523 0.013480 0.036765
0 0.448989 0.765523 0.014400 0.036765
0 0.446998 0.768382 0.016544 0.032680
0 0.432292 0.762868 0.015319 0.050245
0 0.427237 0.767770 0.014400 0.037173
0 0.420037 0.768178 0.013480 0.036356
0 0.415748 0.768382 0.012255 0.037582
0 0.409161 0.767770 0.011949 0.041258
0 0.349877 0.773080 0.018382 0.044526
0 0.337469 0.773489 0.019301 0.039624
0 0.329657 0.776552 0.019608 0.040850
0 0.320466 0.775735 0.012255 0.045752
0 0.308824 0.774306 0.016544 0.059232
0 0.265625 0.774918 0.012868 0.021242
0 0.277267 0.777165 0.025123 0.051879
0 0.294271 0.793301 0.040748 0.093954
0 0.242647 0.779616 0.030637 0.054330
0 0.166973 0.793505 0.030025 0.112337
0 0.188879 0.792688 0.032169 0.116422
0 0.218903 0.782475 0.019301 0.055964
0 0.205576 0.785335 0.020221 0.053513
0 0.217984 0.756332 0.008885 0.028186
0 0.201900 0.757149 0.012255 0.035539
0 0.131434 0.788194 0.025735 0.061683
0 0.113664 0.789011 0.025735 0.065768
0 0.098192 0.790645 0.033395 0.065768
0 0.075521 0.793096 0.039522 0.066585
0 0.042739 0.794322 0.024816 0.069853
0 0.021140 0.794730 0.033088 0.073121
0 0.025123 0.787173 0.020221 0.066993
0 0.015319 0.786152 0.028799 0.053513
0 0.145067 0.760417 0.013174 0.033088
0 0.130362 0.755719 0.010723 0.031863
0 0.120098 0.760417 0.009804 0.032271
0 0.110141 0.760212 0.011336 0.039216
0 0.095282 0.759191 0.013480 0.030637
0 0.007812 0.771446 0.015625 0.060866
0 0.035692 0.766340 0.014400 0.052288
0 0.048866 0.760212 0.013174 0.040033
0 0.064185 0.764502 0.013787 0.025735
0 0.254902 0.760212 0.014093 0.025327
0 0.159620 0.752247 0.006740 0.017565
0 0.266238 0.760008 0.013480 0.021650