0 0.057958 0.863583 0.057070 0.255745
0 0.082840 0.893194 0.115521 0.213612
0 0.072275 0.802740 0.038310 0.139364
0 0.171307 0.889953 0.082346 0.220094
0 0.173479 0.780200 0.035742 0.126694
0 0.204483 0.718474 0.009281 0.055097
0 0.213073 0.717885 0.010269 0.036240
0 0.210802 0.791691 0.032583 0.163819
0 0.232622 0.783736 0.034360 0.149087
0 0.232820 0.809369 0.030806 0.136712
0 0.248914 0.833530 0.045616 0.191514
0 0.254542 0.770477 0.031201 0.119623
0 0.278535 0.798615 0.044036 0.170595
0 0.256220 0.721715 0.023104 0.082204
0 0.289396 0.721567 0.016785 0.074249
0 0.340245 0.696671 0.011848 0.043312
0 0.301738 0.732174 0.016983 0.074249
0 0.314672 0.728639 0.014810 0.059517
0 0.329384 0.718032 0.018957 0.069534
0 0.348144 0.721273 0.015798 0.064820
0 0.307761 0.890100 0.069708 0.219800
0 0.372828 0.880819 0.085703 0.238362
0 0.354562 0.774013 0.029028 0.127873
0 0.377567 0.811874 0.037520 0.152917
0 0.371051 0.748674 0.028436 0.103712
0 0.407287 0.723777 0.015205 0.068651
0 0.443029 0.729817 0.023104 0.073070
0 0.419234 0.836181 0.052923 0.239835
0 0.397117 0.889364 0.104660 0.221273
0 0.465640 0.875516 0.056477 0.248969
0 0.519945 0.865351 0.062401 0.269299
0 0.552725 0.887006 0.075434 0.225987
0 0.384380 0.735563 0.019945 0.086329
0 0.355549 0.681791 0.009281 0.041839
0 0.460407 0.731438 0.016785 0.070418
0 0.474427 0.731880 0.016390 0.073070
0 0.491212 0.732911 0.016785 0.076900
0 0.479068 0.764437 0.018562 0.099882
0 0.445596 0.788303 0.030608 0.141721
0 0.425553 0.753388 0.020537 0.103123
0 0.419431 0.719063 0.016983 0.072186
0 0.540383 0.776665 0.039297 0.176193
0 0.578002 0.862699 0.055292 0.263406
0 0.588961 0.794343 0.042852 0.202711
0 0.600810 0.799057 0.040482 0.176193
0 0.614929 0.882882 0.054502 0.234237
0 0.641588 0.889658 0.102291 0.220684
0 0.654917 0.874484 0.083926 0.251031
0 0.722255 0.871833 0.086690 0.256335
0 0.984301 0.805834 0.031398 0.174425
0 0.948460 0.826016 0.038705 0.220684
0 0.913902 0.868297 0.048578 0.263406
0 0.911434 0.826311 0.053515 0.231880
0 0.853870 0.869328 0.067141 0.261344
0 0.862362 0.818503 0.056082 0.230996
0 0.803416 0.836623 0.040087 0.192398
0 0.767970 0.819093 0.045024 0.221567
0 0.746544 0.780495 0.034163 0.174425
0 0.811315 0.808928 0.043641 0.183559
0 0.897709 0.760165 0.020142 0.089570
0 0.935723 0.739982 0.019155 0.069829
0 0.968701 0.742929 0.016390 0.068651
0 0.950138 0.800972 0.036137 0.194755
0 0.883393 0.741308 0.021919 0.082499
0 0.495359 0.790513 0.029028 0.149676
0 0.527054 0.802004 0.035150 0.166765
0 0.468108 0.761196 0.025869 0.108721
0 0.398598 0.788303 0.023894 0.111668
0 0.351402 0.736447 0.017575 0.075133
0 0.324546 0.728049 0.012836 0.066588
0 0.305292 0.715380 0.016983 0.064820
0 0.184637 0.773276 0.027251 0.104596
0 0.321288 0.755451 0.020932 0.093695
0 0.305588 0.758839 0.017970 0.085740
0 0.279720 0.741161 0.021130 0.091632