0 0.146071 0.744762 0.292143 0.510476
0 0.236429 0.786190 0.100000 0.246667
0 0.260000 0.787619 0.072857 0.236190
0 0.316071 0.764286 0.032143 0.122857
0 0.350357 0.809048 0.109286 0.313333
0 0.406786 0.770000 0.042143 0.155238
0 0.440357 0.778095 0.060714 0.194286
0 0.466071 0.734286 0.017857 0.074286
0 0.481786 0.722381 0.012143 0.042857
0 0.495714 0.732381 0.021429 0.072381
0 0.525000 0.780476 0.075714 0.263810
0 0.551786 0.721905 0.012143 0.045714
0 0.578214 0.730000 0.023571 0.073333
0 0.589643 0.723810 0.009286 0.041905
0 0.602143 0.743810 0.024286 0.091429
0 0.606071 0.720952 0.019286 0.062857
0 0.623929 0.730952 0.013571 0.052381
0 0.628214 0.726667 0.016429 0.055238
0 0.645357 0.746667 0.023571 0.093333
0 0.653214 0.743810 0.017857 0.091429
0 0.680714 0.776190 0.051429 0.213333
0 0.701429 0.779524 0.050000 0.216190
0 0.736429 0.770476 0.052857 0.215238
0 0.801071 0.767619 0.035000 0.116190
0 0.792500 0.726190 0.027857 0.096190
0 0.801071 0.736190 0.026429 0.097143
0 0.892143 0.777143 0.047143 0.167619
0 0.741429 0.897143 0.122857 0.205714