0 0.932857 0.703636 0.134286 0.592727
0 0.905714 0.680909 0.123810 0.638182
0 0.854762 0.680909 0.100000 0.638182
0 0.860952 0.312727 0.041905 0.145455
0 0.752857 0.333636 0.037143 0.158182
0 0.693333 0.321818 0.024762 0.130909
0 0.761429 0.672727 0.235238 0.654545
0 0.756667 0.679091 0.204762 0.641818
0 0.790000 0.651818 0.147619 0.696364
0 0.708571 0.671818 0.104762 0.656364
0 0.601429 0.696364 0.159048 0.607273
0 0.499524 0.671818 0.094286 0.569091
0 0.381429 0.685455 0.229524 0.629091
0 0.431429 0.677273 0.116190 0.645455
0 0.299048 0.679091 0.133333 0.641818
0 0.290952 0.650909 0.130476 0.698182
0 0.239524 0.673636 0.141905 0.652727
0 0.233810 0.643636 0.122857 0.712727
0 0.095714 0.685455 0.191429 0.629091
0 0.128571 0.707273 0.133333 0.585455
0 0.160000 0.666364 0.099048 0.667273
0 0.106190 0.503636 0.069524 0.414545
0 0.150000 0.450909 0.061905 0.374545
0 0.019048 0.360909 0.038095 0.281818
0 0.370000 0.415455 0.040952 0.307273
0 0.557619 0.722727 0.134286 0.554545