0 0.885500 0.885750 0.083000 0.228500
0 0.815667 0.877500 0.064000 0.245000
0 0.747167 0.882000 0.074333 0.236000
0 0.647833 0.877250 0.065000 0.245500
0 0.678167 0.853000 0.047667 0.220000
0 0.649167 0.838750 0.064333 0.246500
0 0.639500 0.839750 0.046333 0.234500
0 0.625667 0.831750 0.038667 0.205500
0 0.593667 0.832500 0.044667 0.210000
0 0.558833 0.824250 0.040333 0.208500
0 0.530667 0.826250 0.039333 0.198500
0 0.515667 0.824500 0.038667 0.204000
0 0.506833 0.820000 0.034333 0.209000
0 0.486500 0.836000 0.046333 0.202000
0 0.443167 0.825250 0.051667 0.222500
0 0.460000 0.816000 0.048000 0.216000
0 0.481000 0.802250 0.036000 0.189500
0 0.403833 0.789250 0.038333 0.196500
0 0.421000 0.797750 0.033333 0.166500
0 0.338167 0.829250 0.047667 0.185500
0 0.344500 0.793250 0.032333 0.163500
0 0.368167 0.785000 0.029667 0.164000
0 0.165333 0.745000 0.028667 0.109000
0 0.174167 0.732250 0.023000 0.099500
0 0.203000 0.736500 0.025333 0.093000
0 0.214667 0.733250 0.018667 0.094500
0 0.230000 0.740000 0.023333 0.102000
0 0.108333 0.718000 0.020667 0.082000
0 0.130167 0.719750 0.014333 0.074500
0 0.123000 0.716000 0.013333 0.065000
0 0.060333 0.725750 0.027333 0.068500
0 0.281667 0.738000 0.025333 0.102000
0 0.158667 0.728750 0.017333 0.106500
0 0.200000 0.733500 0.026000 0.102000
0 0.490833 0.790500 0.021667 0.142000
0 0.029667 0.744500 0.015333 0.056000