0 0.056420 0.807805 0.068093 0.167031
0 0.063230 0.845004 0.078794 0.213713
0 0.066391 0.906273 0.064689 0.187454
0 0.080253 0.888767 0.067121 0.212254
0 0.091440 0.813275 0.060311 0.194019
0 0.132053 0.784464 0.053016 0.185996
0 0.379134 0.746900 0.053988 0.176513
0 0.396644 0.817287 0.082198 0.218089
0 0.428745 0.756747 0.061770 0.180160
0 0.499757 0.751641 0.078307 0.212254
0 0.401508 0.818381 0.069553 0.210066
0 0.368920 0.874909 0.062743 0.188913
0 0.428988 0.883662 0.089494 0.204960
0 0.434095 0.858862 0.071498 0.209336
0 0.462549 0.807075 0.070039 0.193290
0 0.510457 0.835886 0.078307 0.285923
0 0.550584 0.816193 0.065175 0.256747
0 0.576605 0.809993 0.071498 0.241430
0 0.610409 0.833333 0.062257 0.177243
0 0.642996 0.760759 0.071012 0.194019
0 0.646401 0.815098 0.070039 0.237053
0 0.671693 0.838804 0.071012 0.229030
0 0.706955 0.862874 0.069553 0.182349
0 0.727383 0.840263 0.064689 0.212983
0 0.748298 0.775711 0.076362 0.199125
0 0.762160 0.815098 0.060311 0.202042
0 0.818823 0.729030 0.055934 0.175784
0 0.820039 0.788476 0.064202 0.182349
0 0.794747 0.855215 0.071984 0.193290
0 0.836333 0.828592 0.070525 0.217360
0 0.884484 0.796864 0.073444 0.190372
0 0.902237 0.838439 0.075875 0.196207
0 0.951848 0.847557 0.078794 0.195478
0 0.936041 0.757476 0.074416 0.184537
0 0.959630 0.800511 0.076848 0.232677
0 0.973006 0.854121 0.053988 0.291758
0 0.182150 0.780088 0.191148 0.439825
0 0.225195 0.542305 0.165370 0.915390
0 0.311527 0.637491 0.194066 0.707513