0 0.208462 0.369863 0.152308 0.476712
0 0.948846 0.309589 0.096154 0.288584
0 0.829231 0.281279 0.067692 0.219178
0 0.829615 0.268493 0.065385 0.184475
0 0.872692 0.251142 0.056154 0.177169
0 0.690385 0.244292 0.034615 0.101370
0 0.633077 0.237900 0.032308 0.114155
0 0.620385 0.224658 0.031538 0.076712
0 0.592308 0.228311 0.020000 0.067580
0 0.567692 0.224201 0.020000 0.073973
0 0.548462 0.230137 0.041538 0.120548
0 0.438077 0.220548 0.033077 0.106849
0 0.376538 0.205479 0.008462 0.027397
0 0.270000 0.209132 0.033846 0.069406
0 0.749231 0.226484 0.026154 0.065753
0 0.783846 0.218265 0.018462 0.060274
0 0.799615 0.216895 0.016154 0.063014
0 0.920000 0.220091 0.023077 0.051142
0 0.991923 0.214612 0.016154 0.060274
0 0.765000 0.207306 0.011538 0.027397
0 0.758077 0.207306 0.011538 0.027397
0 0.729615 0.217352 0.016154 0.040183
0 0.714231 0.219635 0.016154 0.041096
0 0.656923 0.213242 0.013846 0.061187
0 0.699231 0.230594 0.023077 0.070320