0 0.316694 0.603704 0.224223 0.559259
0 0.322422 0.401852 0.134206 0.440741
0 0.797054 0.508333 0.134206 0.490741
0 0.912439 0.437963 0.155483 0.479630
0 0.139116 0.293519 0.134206 0.331481
0 0.147300 0.247222 0.091653 0.301852
0 0.269231 0.252778 0.096563 0.327778
0 0.400164 0.169444 0.083470 0.231481
0 0.691489 0.336111 0.158756 0.357407
0 0.739771 0.300000 0.091653 0.348148
0 0.490998 0.150926 0.062193 0.175926
0 0.551555 0.182407 0.065466 0.231481
0 0.615385 0.203704 0.065466 0.255556
0 0.513093 0.156481 0.063830 0.198148
0 0.591653 0.195370 0.073650 0.227778
0 0.607201 0.167593 0.072013 0.224074
0 0.635025 0.683333 0.144026 0.325926
0 0.855155 0.262963 0.116203 0.270370
0 0.724223 0.173148 0.063830 0.212963
0 0.761047 0.187037 0.081833 0.251852
0 0.794599 0.160185 0.054010 0.183333
0 0.820786 0.127778 0.047463 0.159259
0 0.852700 0.144444 0.045827 0.181481
0 0.884615 0.149074 0.054010 0.175926
0 0.926350 0.148148 0.058920 0.188889
0 0.935352 0.124074 0.054010 0.159259
0 0.740589 0.095370 0.040917 0.127778