0 0.027116 0.485491 0.053571 0.111359
0 0.015708 0.476687 0.031415 0.074901
0 0.056713 0.465650 0.011574 0.021577
0 0.117394 0.479787 0.038360 0.072669
0 0.178075 0.498760 0.050595 0.139385
0 0.211475 0.506820 0.055225 0.139137
0 0.250000 0.550595 0.099206 0.253472
0 0.334325 0.655878 0.394180 0.688244
0 0.672784 0.646453 0.347553 0.707093
0 0.464616 0.549727 0.126984 0.235367
0 0.517030 0.552579 0.075066 0.216270
0 0.736111 0.489211 0.040344 0.097966
0 0.778770 0.543899 0.072751 0.203373
0 0.838294 0.556672 0.085317 0.199653
0 0.797950 0.482887 0.036376 0.087302
0 0.822421 0.477431 0.030423 0.059524
0 0.838790 0.466642 0.023479 0.040427
0 0.920304 0.495040 0.062831 0.114583
0 0.941964 0.565104 0.116071 0.320188