0 0.353906 0.736203 0.095312 0.302428
0 0.487500 0.738411 0.093750 0.302428
0 0.556250 0.756071 0.093750 0.315673
0 0.657031 0.733996 0.054688 0.161148
0 0.646875 0.683223 0.053125 0.218543
0 0.646875 0.660044 0.037500 0.194260
0 0.689844 0.646799 0.035937 0.145695
0 0.740625 0.662252 0.040625 0.185430
0 0.767188 0.674393 0.056250 0.231788
0 0.833594 0.684327 0.064062 0.256071
0 0.888281 0.681015 0.057813 0.240618
0 0.943750 0.666667 0.065625 0.229581
0 0.965625 0.577263 0.015625 0.055188
0 0.862500 0.598234 0.018750 0.075055
0 0.852344 0.586093 0.017188 0.064018
0 0.815625 0.591611 0.018750 0.061810
0 0.819531 0.673289 0.051562 0.211921
0 0.850781 0.677704 0.039062 0.176600
0 0.793750 0.598234 0.018750 0.075055
0 0.711719 0.602649 0.017188 0.057395
0 0.561719 0.592715 0.014063 0.050773
0 0.569531 0.599338 0.014063 0.055188
0 0.471875 0.696468 0.053125 0.258278
0 0.517969 0.666667 0.035937 0.194260
0 0.777344 0.662252 0.042188 0.185430
0 0.919531 0.667770 0.048438 0.196468