0 0.031915 0.662266 0.063830 0.270627
0 0.042159 0.623762 0.043341 0.231023
0 0.061466 0.755226 0.066194 0.350935
0 0.121355 0.754125 0.102443 0.482948
0 0.166273 0.567107 0.037825 0.135314
0 0.186761 0.563256 0.033097 0.123212
0 0.219858 0.565457 0.034673 0.136414
0 0.210008 0.735424 0.107959 0.372937
0 0.319149 0.644664 0.059890 0.233223
0 0.407801 0.573157 0.032309 0.112211
0 0.481875 0.613311 0.051221 0.159516
0 0.914106 0.556106 0.015760 0.064906
0 0.931442 0.556106 0.020489 0.064906
0 0.962569 0.556656 0.014972 0.055006