0 0.670759 0.645975 0.228286 0.676671
0 0.500000 0.642224 0.155980 0.663711
0 0.388813 0.670532 0.147340 0.630286
0 0.239427 0.646658 0.196908 0.697135
0 0.306958 0.480900 0.145521 0.736698
0 0.353570 0.452592 0.231469 0.789222
0 0.522055 0.434175 0.150068 0.827422
0 0.686903 0.445771 0.231469 0.800136
0 0.739654 0.504434 0.143247 0.860164
0 0.823329 0.490109 0.035925 0.119372
0 0.799909 0.507503 0.021828 0.047749
0 0.869031 0.484993 0.056389 0.244202
0 0.916553 0.485334 0.046839 0.203956
0 0.976126 0.506139 0.047749 0.200546
0 0.965211 0.487040 0.040473 0.208731
0 0.028649 0.495566 0.048204 0.071623
0 0.087312 0.519100 0.070941 0.031378
0 0.087767 0.497954 0.034561 0.068213