0 0.074291 0.984559 0.015640 0.030882
0 0.118280 0.982353 0.013685 0.035294
0 0.130010 0.981618 0.011730 0.036765
0 0.033236 0.906618 0.015640 0.054412
0 0.048876 0.933088 0.015640 0.054412
0 0.063539 0.946324 0.011730 0.054412
0 0.072336 0.952206 0.013685 0.051471
0 0.081134 0.952206 0.013685 0.060294
0 0.095308 0.944853 0.016618 0.060294
0 0.108993 0.926471 0.014663 0.058824
0 0.084066 0.888235 0.015640 0.052941
0 0.063050 0.876471 0.012708 0.052941
0 0.071359 0.877941 0.013685 0.058824
0 0.062072 0.857353 0.010753 0.047059
0 0.093353 0.855147 0.010753 0.039706
0 0.108504 0.860294 0.017595 0.058824
0 0.191593 0.953676 0.015640 0.063235
0 0.210166 0.975735 0.015640 0.048529
0 0.201369 0.908088 0.015640 0.054412
0 0.212121 0.925000 0.011730 0.050000
0 0.219453 0.921324 0.012708 0.051471
0 0.224340 0.807353 0.012708 0.050000
0 0.160313 0.800000 0.015640 0.047059
0 0.168622 0.789706 0.014663 0.029412
0 0.169110 0.752941 0.011730 0.044118
0 0.179374 0.752206 0.012708 0.051471
0 0.200391 0.761765 0.011730 0.050000
0 0.205279 0.764706 0.013685 0.050000
0 0.249756 0.705147 0.018573 0.045588
0 0.006843 0.823529 0.013685 0.050000
0 0.058162 0.808088 0.016618 0.051471
0 0.066960 0.805147 0.014663 0.045588
0 0.021505 0.795588 0.009775 0.038235
0 0.036657 0.784559 0.012708 0.051471
0 0.043500 0.790441 0.010753 0.048529
0 0.062561 0.786765 0.013685 0.052941
0 0.073314 0.782353 0.013685 0.050000
0 0.086510 0.777941 0.010753 0.050000
0 0.095797 0.778676 0.011730 0.054412
0 0.111926 0.777941 0.014663 0.052941
0 0.068915 0.773529 0.010753 0.044118
0 0.065494 0.755882 0.011730 0.041176
0 0.021017 0.744118 0.012708 0.050000
0 0.027859 0.735294 0.012708 0.050000
0 0.028837 0.723529 0.012708 0.047059
0 0.039589 0.744853 0.010753 0.048529
0 0.048387 0.744118 0.010753 0.041176
0 0.073803 0.727941 0.010753 0.044118
0 0.092864 0.736765 0.011730 0.041176
0 0.114858 0.724265 0.012708 0.048529
0 0.125611 0.722059 0.014663 0.052941
0 0.053275 0.693382 0.012708 0.042647
0 0.064516 0.693382 0.015640 0.045588
0 0.109482 0.690441 0.013685 0.048529
0 0.129032 0.703676 0.015640 0.048529
0 0.139296 0.702941 0.012708 0.050000
0 0.092375 0.673529 0.012708 0.044118
0 0.112414 0.663235 0.015640 0.044118
0 0.118280 0.656618 0.013685 0.048529
0 0.128543 0.666912 0.012708 0.042647
0 0.117302 0.674265 0.013685 0.045588
0 0.132454 0.645588 0.010753 0.041176
0 0.153470 0.658824 0.011730 0.050000
0 0.160802 0.659559 0.012708 0.048529
0 0.168133 0.647794 0.013685 0.042647
0 0.180352 0.644118 0.014663 0.047059
0 0.191593 0.647794 0.013685 0.042647
0 0.105572 0.622794 0.013685 0.045588
0 0.127077 0.619853 0.011730 0.042647
0 0.146628 0.638971 0.011730 0.042647
0 0.152493 0.631618 0.011730 0.048529
0 0.164712 0.627206 0.010753 0.042647
0 0.173998 0.623529 0.011730 0.041176
0 0.214076 0.625000 0.011730 0.038235
0 0.222874 0.622059 0.011730 0.041176
0 0.164712 0.609559 0.010753 0.036765
0 0.070870 0.589706 0.014663 0.044118
0 0.103128 0.589706 0.012708 0.044118
0 0.120723 0.597794 0.012708 0.042647
0 0.127077 0.586765 0.011730 0.047059
0 0.144184 0.582353 0.010753 0.041176
0 0.198436 0.583824 0.009775 0.041176
0 0.204790 0.582353 0.008798 0.038235
0 0.211632 0.589706 0.010753 0.035294
0 0.223363 0.587500 0.012708 0.039706
0 0.120723 0.558824 0.010753 0.041176
0 0.161779 0.556618 0.010753 0.033824
0 0.167155 0.550735 0.009775 0.033824
0 0.195992 0.572059 0.010753 0.041176
0 0.216031 0.566176 0.011730 0.041176
0 0.138807 0.533088 0.011730 0.048529
0 0.146628 0.521324 0.011730 0.048529
0 0.200880 0.542647 0.010753 0.044118
0 0.215543 0.532353 0.010753 0.041176
0 0.230694 0.530882 0.011730 0.035294
0 0.224340 0.513235 0.008798 0.038235
0 0.245846 0.502941 0.010753 0.044118
0 0.169599 0.505147 0.008798 0.036765
0 0.175953 0.508088 0.009775 0.036765
0 0.172532 0.497059 0.008798 0.035294
0 0.185728 0.504412 0.009775 0.035294
0 0.211632 0.508824 0.010753 0.041176
0 0.233138 0.505882 0.012708 0.041176
0 0.184751 0.483088 0.011730 0.042647
0 0.194526 0.481618 0.009775 0.039706
0 0.217498 0.483824 0.010753 0.035294
0 0.225806 0.480882 0.011730 0.038235
0 0.239003 0.480882 0.010753 0.041176
0 0.245846 0.485294 0.010753 0.038235
0 0.239003 0.471324 0.008798 0.039706
0 0.171554 0.470588 0.008798 0.035294
0 0.179374 0.466176 0.010753 0.038235
0 0.184751 0.481618 0.011730 0.042647
0 0.195992 0.461029 0.008798 0.039706
0 0.208211 0.461765 0.009775 0.038235
0 0.220430 0.461029 0.014663 0.039706
0 0.233627 0.455882 0.009775 0.038235
0 0.246823 0.447059 0.012708 0.032353
0 0.266373 0.454412 0.010753 0.041176
0 0.225318 0.431618 0.010753 0.039706
0 0.177419 0.420588 0.008798 0.038235
0 0.250244 0.407353 0.009775 0.041176
0 0.224340 0.387500 0.008798 0.030882
0 0.240469 0.389706 0.009775 0.041176
0 0.250244 0.338971 0.009775 0.036765
0 0.208211 0.337500 0.009775 0.033824
0 0.371457 0.266912 0.011730 0.036765
0 0.382209 0.260294 0.011730 0.038235
0 0.664712 0.965441 0.013685 0.054412
0 0.958944 0.916912 0.011730 0.054412
0 0.972630 0.942647 0.013685 0.050000
0 0.877810 0.563971 0.013685 0.045588
0 0.876344 0.550735 0.012708 0.045588
0 0.670577 0.219853 0.009775 0.027941
0 0.503421 0.178676 0.009775 0.030882
0 0.690127 0.136029 0.009775 0.022059
0 0.994624 0.283088 0.010753 0.036765
0 0.969697 0.269853 0.009775 0.030882
0 0.977028 0.255882 0.008798 0.029412
0 0.990225 0.252206 0.009775 0.025000
0 0.995112 0.238235 0.009775 0.032353
0 0.946725 0.261765 0.008798 0.032353
0 0.106549 0.566176 0.019550 0.052941