0 0.013000 0.762369 0.024000 0.079460
0 0.047500 0.860570 0.049000 0.233883
0 0.063000 0.855322 0.076000 0.253373
0 0.127500 0.859820 0.063000 0.247376
0 0.178500 0.854573 0.061000 0.218891
0 0.215000 0.844078 0.040000 0.155922
0 0.245000 0.838831 0.040000 0.205397
0 0.259000 0.854573 0.058000 0.245877
0 0.306500 0.863568 0.073000 0.272864
0 0.288500 0.789355 0.033000 0.142429
0 0.352000 0.857571 0.072000 0.284858
0 0.391000 0.856822 0.060000 0.238381
0 0.428000 0.803598 0.034000 0.155922
0 0.450000 0.756372 0.016000 0.064468
0 0.460500 0.754873 0.013000 0.070465
0 0.476000 0.794603 0.032000 0.140930
0 0.507000 0.817091 0.044000 0.170915
0 0.506500 0.797601 0.043000 0.167916
0 0.513000 0.789355 0.036000 0.148426
0 0.564500 0.763118 0.019000 0.068966
0 0.534000 0.756372 0.014000 0.067466
0 0.549500 0.762369 0.015000 0.070465
0 0.578000 0.747376 0.012000 0.049475
0 0.591000 0.748876 0.012000 0.049475
0 0.601000 0.747376 0.012000 0.049475
0 0.642000 0.862069 0.054000 0.248876
0 0.673000 0.853073 0.098000 0.272864
0 0.703500 0.909295 0.043000 0.172414
0 0.727000 0.810345 0.046000 0.214393
0 0.742500 0.868816 0.109000 0.262369
0 0.779500 0.793853 0.019000 0.100450
0 0.413500 0.769115 0.017000 0.083958
0 0.401000 0.769115 0.016000 0.083958
0 0.542000 0.765367 0.012000 0.064468
0 0.806500 0.780360 0.025000 0.121439
0 0.825000 0.846327 0.076000 0.232384
0 0.857000 0.841079 0.042000 0.245877
0 0.882000 0.787106 0.024000 0.116942
0 0.911000 0.829085 0.064000 0.224888
0 0.929500 0.877061 0.141000 0.245877
0 0.974000 0.843328 0.052000 0.232384